conv_layers.0.weight: torch.Size([16, 1, 5, 5])
conv_layers.0.bias: torch.Size([16])
conv_layers.1.weight: torch.Size([16])
conv_layers.1.bias: torch.Size([16])
conv_layers.1.running_mean: torch.Size([16])
conv_layers.1.running_var: torch.Size([16])
conv_layers.1.num_batches_tracked: torch.Size([])
conv_layers.4.weight: torch.Size([32, 16, 3, 3])
conv_layers.4.bias: torch.Size([32])
conv_layers.5.weight: torch.Size([32])
conv_layers.5.bias: torch.Size([32])
conv_layers.5.running_mean: torch.Size([32])
conv_layers.5.running_var: torch.Size([32])
conv_layers.5.num_batches_tracked: torch.Size([])
conv_layers.9.weight: torch.Size([64, 32, 3, 3])
conv_layers.9.bias: torch.Size([64])
conv_layers.10.weight: torch.Size([64])
conv_layers.10.bias: torch.Size([64])
conv_layers.10.running_mean: torch.Size([64])
conv_layers.10.running_var: torch.Size([64])
conv_layers.10.num_batches_tracked: torch.Size([])
conv_layers.13.weight: torch.Size([128, 64, 3, 3])
conv_layers.13.bias: torch.Size([128])
conv_layers.14.weight: torch.Size([128])
conv_layers.14.bias: torch.Size([128])
conv_layers.14.running_mean: torch.Size([128])
conv_layers.14.running_var: torch.Size([128])
conv_layers.14.num_batches_tracked: torch.Size([])
conv_layers.18.weight: torch.Size([256, 128, 3, 3])
conv_layers.19.weight: torch.Size([256])
conv_layers.19.bias: torch.Size([256])
conv_layers.19.running_mean: torch.Size([256])
conv_layers.19.running_var: torch.Size([256])
conv_layers.19.num_batches_tracked: torch.Size([])
se.se.1.weight: torch.Size([16, 256, 1, 1])
se.se.1.bias: torch.Size([16])
se.se.3.weight: torch.Size([256, 16, 1, 1])
se.se.3.bias: torch.Size([256])
fc_layers.0.weight: torch.Size([256, 1024])
fc_layers.0.bias: torch.Size([256])
fc_layers.3.weight: torch.Size([128, 256])
fc_layers.3.bias: torch.Size([128])
fc_layers.6.weight: torch.Size([64, 128])
fc_layers.6.bias: torch.Size([64])
fc_layers.9.weight: torch.Size([13, 64])
fc_layers.9.bias: torch.Size([13])


conv_layers.0.weight: 
 tensor([[[[-2.1202e-01, -6.7746e-02, -1.2054e-02,  1.1084e-02, -6.9266e-02],
          [-1.4616e-01, -2.2733e-02, -1.6909e-01, -5.9103e-02, -2.4625e-01],
          [-1.5053e-02, -3.0354e-02,  1.0723e-01, -4.1661e-02,  4.6389e-03],
          [-1.1328e-01,  1.9479e-02, -1.4249e-01, -1.5337e-01,  8.3839e-02],
          [ 1.1580e-01, -3.1954e-02,  7.0870e-02,  1.5344e-01, -1.0878e-01]]],


        [[[-3.1268e-02, -2.1336e-01, -5.2299e-02, -2.8927e-02,  1.7150e-01],
          [-3.1203e-02, -1.2311e-01, -1.7947e-01, -5.0095e-02,  1.1428e-01],
          [ 1.0866e-02, -9.5822e-02,  9.5900e-02, -1.3932e-02,  6.8599e-02],
          [-1.3625e-01, -1.5357e-01,  1.2940e-01, -1.0691e-01,  1.6215e-01],
          [ 2.7829e-02, -1.5147e-02,  1.7869e-01,  4.9289e-02,  8.0874e-02]]],


        [[[ 8.2155e-02,  1.8827e-01, -1.0366e-01, -1.0879e-01, -2.1393e-01],
          [ 1.2459e-01,  7.6938e-02, -1.3384e-01, -4.9637e-02, -2.2166e-03],
          [ 6.9792e-02,  1.2282e-01, -7.3570e-02,  1.1934e-01, -1.9623e-01],
          [ 9.8244e-02, -1.1817e-01,  2.7370e-02, -2.8680e-02, -1.1194e-01],
          [-3.6908e-02,  1.3489e-01,  1.4328e-01, -1.8486e-01, -1.1806e-01]]],


        [[[-2.1466e-03,  7.4631e-02,  1.0730e-01, -1.9308e-02,  4.4508e-02],
          [-1.5349e-02, -1.3910e-01, -1.2880e-01,  1.4489e-01,  2.0554e-01],
          [-1.0017e-01, -1.3177e-01,  8.2791e-02,  1.6641e-03,  2.6176e-01],
          [-1.1831e-02,  3.4503e-02,  1.0477e-01,  6.4057e-02,  9.4101e-02],
          [ 1.4515e-01, -1.7484e-02,  1.0196e-02, -3.3658e-02, -1.4983e-01]]],


        [[[ 2.5594e-02, -6.1262e-02, -1.6300e-01, -1.7954e-01,  1.4616e-01],
          [ 7.9108e-03,  3.5001e-02, -1.7109e-01, -1.3138e-01,  1.8277e-01],
          [ 6.5651e-02, -1.5430e-01, -1.6342e-01,  1.6937e-01,  4.6477e-02],
          [ 6.2298e-02, -1.3323e-01, -1.1283e-01,  1.7222e-02,  1.3848e-01],
          [-1.8222e-01,  1.4245e-01,  2.2912e-02, -7.1269e-02,  5.1609e-02]]],


        [[[ 1.3214e-01,  1.2323e-01,  1.2404e-01,  1.9039e-01,  9.3577e-02],
          [ 1.3929e-01,  1.2773e-02,  1.5853e-01,  1.1978e-01, -1.0451e-01],
          [-3.2587e-02, -6.4478e-02, -3.8147e-02,  1.3363e-02,  5.2915e-02],
          [-5.7219e-02,  1.5735e-02,  2.2200e-01,  6.3245e-02, -1.3748e-01],
          [ 4.8844e-02, -9.6273e-02,  7.0528e-03, -1.5186e-01, -1.7702e-01]]],


        [[[ 1.0506e-01, -1.2795e-01,  1.0001e-01, -4.8350e-02,  5.2080e-02],
          [-4.7786e-02,  1.6047e-01,  1.8800e-01,  7.3394e-02,  1.4145e-01],
          [-7.0361e-03, -1.1058e-02,  8.7346e-02,  2.2812e-01, -1.2874e-01],
          [-1.4265e-01, -5.8952e-02, -7.3777e-02, -1.4623e-01, -6.4604e-02],
          [-2.6049e-01, -2.3080e-02, -1.1419e-01,  8.6568e-02,  8.0048e-02]]],


        [[[-1.1097e-01, -1.3654e-02,  1.7048e-01, -8.4400e-02, -8.5928e-02],
          [ 4.1579e-02,  1.3414e-01,  1.5131e-02, -4.3766e-02,  1.1596e-01],
          [-1.1476e-01, -9.2299e-02,  9.3038e-02,  1.2115e-01,  4.8714e-03],
          [-1.2474e-02, -7.8392e-02,  4.9534e-02,  1.7269e-01,  5.4823e-02],
          [ 3.9274e-02, -8.7666e-02,  1.2747e-01,  1.1265e-01,  1.1183e-01]]],


        [[[ 2.4616e-02, -7.8461e-03,  6.4679e-02, -1.8673e-01,  5.7214e-02],
          [ 1.5731e-01,  1.8686e-01, -1.6523e-01,  2.7361e-02, -1.6505e-01],
          [ 4.5207e-02, -3.5280e-02,  4.1309e-02, -9.5414e-02, -1.4605e-01],
          [-8.1498e-02,  1.4103e-01, -1.4172e-01, -1.5758e-01, -5.3988e-02],
          [ 1.3805e-01,  1.1288e-01, -2.6119e-02, -5.6027e-02, -1.3982e-01]]],


        [[[-2.0064e-01, -9.0173e-02, -1.2824e-02, -1.0678e-01, -1.5101e-02],
          [-1.5904e-01, -1.4419e-01,  2.9394e-02, -3.0968e-02, -1.0637e-01],
          [ 1.5290e-01,  1.4735e-01,  1.5070e-01, -7.1072e-02,  6.0813e-02],
          [ 1.8737e-01,  1.2060e-01,  1.2596e-01,  3.0236e-02, -9.8003e-02],
          [-8.3221e-02, -1.1074e-01, -2.3828e-01, -2.1446e-01,  1.4349e-01]]],


        [[[ 1.8756e-01, -9.6250e-02, -1.6293e-01,  9.5722e-03,  1.0580e-01],
          [-1.3021e-01, -3.4465e-02,  2.0211e-02,  1.6978e-01,  7.9867e-02],
          [ 4.8313e-02,  1.0118e-01,  1.8675e-01,  9.9011e-02,  1.2805e-01],
          [-1.3635e-01,  1.3334e-01,  7.9139e-03,  1.8359e-02, -2.2653e-02],
          [-8.8521e-02,  1.0112e-01,  1.0191e-01, -4.9443e-02, -1.1851e-01]]],


        [[[-1.3240e-01,  1.7281e-01,  1.7890e-01,  1.3660e-01,  3.2819e-02],
          [-1.5689e-01,  1.0982e-01, -6.7765e-03,  1.9096e-01,  9.9716e-02],
          [-9.1593e-02,  1.9548e-01,  2.9155e-01,  1.5447e-02, -9.3687e-02],
          [ 1.2267e-01,  8.6778e-02,  2.4717e-02, -1.1477e-01, -2.7397e-02],
          [ 1.1390e-01, -1.9747e-01,  5.0849e-02,  1.9915e-02, -1.0910e-01]]],


        [[[-1.3444e-01,  2.9183e-03, -9.1437e-02, -1.2139e-01, -7.9619e-02],
          [-1.3602e-01, -9.8574e-02,  5.2003e-02, -3.2211e-02, -4.9991e-02],
          [ 1.1020e-01, -6.3214e-02, -2.3943e-02, -7.8732e-02, -1.7273e-01],
          [-1.3404e-02, -5.7140e-02,  2.8278e-02, -2.9330e-02,  1.1301e-01],
          [ 1.2705e-01,  1.3348e-01,  3.1542e-02,  8.3970e-02,  3.5891e-02]]],


        [[[-5.7016e-02,  2.5298e-04,  1.6960e-01, -1.7354e-01,  1.6884e-02],
          [ 4.1945e-02,  1.4060e-01,  1.5844e-02,  1.0766e-01,  2.7043e-02],
          [-9.3675e-02,  1.6734e-01,  2.2203e-01, -1.2086e-01, -6.6840e-04],
          [ 1.5959e-01,  7.5195e-02,  7.5060e-02, -1.9150e-02,  2.7286e-02],
          [ 1.4410e-01, -1.8618e-01, -1.8274e-02,  6.8863e-02, -1.6251e-01]]],


        [[[ 7.5179e-02,  2.0617e-01,  2.2754e-01,  3.8753e-02,  8.8265e-02],
          [-1.5095e-01,  1.7755e-01, -1.4598e-01, -1.0525e-02,  1.4922e-01],
          [ 1.4736e-01, -1.7492e-01, -1.4100e-01,  7.8790e-02, -1.0784e-01],
          [-4.5770e-03, -1.1149e-01,  1.3948e-01, -1.7027e-01,  2.1606e-02],
          [-1.7681e-01, -8.2037e-02, -1.5879e-01, -1.0672e-01,  1.5797e-01]]],


        [[[ 1.1215e-02,  1.2944e-01, -1.2589e-01,  9.2841e-02,  1.6207e-01],
          [ 2.3729e-02,  1.0741e-01,  1.7923e-01, -7.6781e-02,  1.4995e-01],
          [ 1.3517e-01, -7.5193e-02, -1.3249e-01,  1.2694e-01,  6.2708e-03],
          [ 1.9174e-01, -5.3578e-02, -1.3015e-01, -4.5599e-02, -1.8825e-01],
          [ 4.6845e-03, -9.2493e-02, -1.1198e-01, -2.0671e-01, -7.9742e-02]]]])

conv_layers.0.bias: 
 tensor([-5.1201e-04,  1.4292e-03, -1.1485e-03, -1.1862e-03,  5.8421e-04,
        -3.5011e-04,  5.2878e-05,  5.1401e-04,  1.4655e-03,  1.8514e-04,
         6.3830e-04, -1.1077e-04, -8.1635e-04,  1.1418e-03,  2.9755e-03,
        -4.2358e-04])

conv_layers.1.weight: 
 tensor([1.0341, 0.9469, 0.9599, 0.9641, 0.9659, 0.9317, 0.9452, 0.8924, 0.9664,
        0.9755, 0.9666, 0.9747, 0.9510, 0.9692, 0.9831, 1.0265])

conv_layers.1.bias: 
 tensor([ 0.0844,  0.0034, -0.0166,  0.1426, -0.0194,  0.2337,  0.0345,  0.1320,
         0.0535,  0.0499,  0.2033,  0.2594, -0.0384,  0.1710,  0.1589,  0.0768])

conv_layers.1.running_mean: 
 tensor([-9.8499e-02, -1.1546e-02, -2.8043e-02,  5.5737e-02, -3.7042e-02,
         5.8830e-02,  5.2159e-03,  5.8586e-02, -3.9995e-02, -4.8169e-02,
         6.0408e-02,  8.3409e-02, -4.3128e-02,  5.8253e-02, -5.2991e-04,
         1.6948e-05])

conv_layers.1.running_var: 
 tensor([0.0679, 0.0246, 0.0280, 0.0308, 0.0234, 0.0466, 0.0163, 0.0318, 0.0335,
        0.0196, 0.0331, 0.0658, 0.0253, 0.0319, 0.0191, 0.0235])

conv_layers.1.num_batches_tracked: 
 21601

conv_layers.4.weight: 
 tensor([[[[ 3.2980e-02, -4.8843e-02, -7.2772e-02],
          [-7.1153e-02, -3.9761e-02,  1.2612e-02],
          [ 1.0866e-02,  3.7537e-03,  5.0404e-02]],

         [[ 9.8310e-03,  7.1590e-02, -1.8169e-02],
          [ 3.0346e-02,  3.2451e-02, -6.0439e-03],
          [-1.4984e-02, -7.0318e-02,  1.6512e-02]],

         [[-6.0911e-02, -2.8884e-02, -3.0785e-02],
          [-1.5302e-01, -5.2354e-03, -1.9686e-02],
          [ 2.6624e-02,  5.2450e-02, -4.2212e-03]],

         ...,

         [[-1.7607e-02,  7.0890e-02, -4.7943e-03],
          [ 1.4950e-02,  5.3935e-03, -4.2048e-02],
          [-5.7861e-03, -2.3617e-03, -3.7062e-02]],

         [[ 1.1924e-02, -2.8282e-03,  2.3606e-04],
          [ 2.8621e-02, -1.0907e-01,  1.0460e-02],
          [ 2.7057e-02,  7.4216e-02,  1.2695e-02]],

         [[-7.9598e-02,  7.0116e-02, -1.7992e-02],
          [ 2.3292e-02, -1.8525e-02,  7.7544e-02],
          [-4.6986e-03,  9.2236e-02, -5.8481e-02]]],


        [[[ 9.3138e-03, -5.7023e-03,  3.4181e-02],
          [ 6.8323e-02,  3.8883e-05, -1.1591e-01],
          [ 2.7609e-02, -7.6925e-02,  2.0070e-03]],

         [[-7.1278e-02,  1.0628e-02, -3.8041e-02],
          [-7.5424e-03,  7.6948e-02, -2.8758e-02],
          [ 1.5107e-02,  5.6263e-03, -4.4387e-02]],

         [[ 5.4666e-02, -4.2768e-02,  4.2774e-02],
          [-2.1939e-03, -8.5843e-02,  4.3865e-02],
          [-8.2058e-02,  4.0264e-03,  1.3812e-02]],

         ...,

         [[ 4.1411e-02,  2.8167e-02, -1.4379e-03],
          [-1.1120e-01,  1.9456e-02, -5.6636e-03],
          [-8.4871e-02,  5.9556e-02, -3.5355e-03]],

         [[-8.7134e-03,  1.4322e-02,  4.9720e-03],
          [ 6.7804e-02, -2.8780e-02, -5.3787e-02],
          [ 2.0623e-02, -2.4259e-02, -3.7260e-02]],

         [[ 3.6242e-02,  4.2527e-02,  1.6175e-02],
          [-3.7339e-02, -7.0489e-03, -3.6590e-02],
          [-1.1843e-01,  1.3255e-02, -2.6912e-02]]],


        [[[ 5.0717e-02,  1.0953e-01, -4.3296e-02],
          [ 2.6124e-02, -9.7256e-02, -1.1306e-01],
          [-5.8293e-03, -6.3964e-02,  4.4558e-02]],

         [[ 9.9019e-02,  1.0574e-01, -4.5789e-02],
          [ 5.3620e-02,  7.0987e-03,  2.4852e-02],
          [-1.0753e-01, -1.1319e-02, -3.5810e-02]],

         [[-6.1417e-02, -6.0506e-02,  9.6740e-02],
          [-2.7056e-02, -9.6945e-02, -4.0715e-02],
          [ 1.7753e-02,  6.7058e-02,  6.8951e-02]],

         ...,

         [[-5.1940e-02,  4.2907e-03, -3.1004e-02],
          [-8.2670e-03, -2.9450e-02,  3.7591e-02],
          [-6.5943e-02,  2.2379e-02, -4.0678e-02]],

         [[ 4.0096e-02, -4.8514e-02, -5.4947e-02],
          [-1.8725e-02, -3.1776e-02,  6.6006e-02],
          [ 9.3228e-02, -6.5076e-02,  1.0617e-01]],

         [[ 2.3009e-02, -9.0724e-02, -2.2279e-03],
          [-5.0481e-02,  7.2853e-02,  1.0071e-01],
          [ 3.0446e-02,  3.0500e-02,  6.6590e-02]]],


        ...,


        [[[ 2.1153e-02, -3.7842e-03,  2.3962e-02],
          [-5.1003e-02, -6.1733e-02, -4.4810e-02],
          [ 7.8533e-02,  1.1099e-01,  2.2635e-02]],

         [[ 4.3242e-02,  4.2868e-02, -5.8571e-02],
          [-4.3691e-02, -6.2031e-02, -1.8359e-02],
          [-5.1710e-02,  4.1492e-02,  1.7168e-02]],

         [[ 2.7438e-02,  1.7044e-02, -3.9900e-02],
          [ 1.8359e-02,  9.6400e-03,  5.5971e-03],
          [-3.3600e-02, -8.9772e-03, -2.7040e-02]],

         ...,

         [[ 5.4777e-02,  3.9699e-02,  8.4784e-02],
          [ 1.0062e-02, -1.1839e-02, -1.0271e-02],
          [-4.8739e-02, -3.4324e-02, -2.6746e-02]],

         [[-7.7404e-02, -9.6373e-02,  3.9702e-02],
          [ 1.0003e-01,  8.2410e-02,  6.1235e-02],
          [-8.7035e-02, -2.5306e-02,  7.3890e-03]],

         [[-7.4169e-02, -2.4859e-02, -1.6995e-02],
          [ 6.7139e-02,  8.5880e-02,  5.5676e-02],
          [-2.2986e-02, -9.7962e-02,  5.4232e-02]]],


        [[[-6.2337e-02,  2.2631e-02, -4.0051e-02],
          [ 5.1763e-02, -8.1580e-02, -2.4892e-02],
          [ 9.0261e-02,  4.1787e-02, -7.1440e-03]],

         [[-1.9805e-03,  7.5889e-02,  2.3922e-02],
          [-2.1480e-02, -2.1380e-02, -3.8670e-02],
          [-3.9681e-02, -7.3097e-02,  1.4664e-02]],

         [[ 1.1617e-03,  2.8045e-02,  3.6418e-02],
          [ 4.3292e-02, -4.5006e-02, -2.1264e-02],
          [-3.6960e-02,  2.3023e-02, -4.4385e-02]],

         ...,

         [[ 3.3637e-02,  9.5957e-03,  1.0441e-01],
          [-3.4886e-03, -7.6150e-02, -5.6335e-02],
          [-2.5065e-02,  9.4920e-03, -3.5342e-02]],

         [[-2.3529e-02,  6.7417e-04,  3.8396e-02],
          [-1.1256e-02,  6.9273e-02, -6.5712e-02],
          [-3.2003e-02,  3.0482e-02, -7.2463e-03]],

         [[ 3.1296e-02,  3.0016e-02,  4.8118e-02],
          [-3.5414e-02,  5.4159e-03, -4.5623e-03],
          [-3.5158e-02, -6.6000e-02,  2.8614e-02]]],


        [[[ 2.1547e-02, -3.0434e-02,  9.5701e-02],
          [-7.6050e-02, -1.0686e-01,  1.4588e-02],
          [ 9.2106e-03,  8.4666e-03, -7.1688e-02]],

         [[-2.8321e-02, -1.0358e-02,  4.6539e-02],
          [-3.0990e-02, -4.8033e-02, -7.8521e-02],
          [-2.1588e-02, -2.9667e-02,  1.6532e-02]],

         [[-1.8116e-02,  1.2388e-02, -5.3897e-02],
          [-7.8009e-02, -2.8292e-02, -6.7593e-02],
          [-8.1396e-02,  7.3186e-02,  3.0095e-02]],

         ...,

         [[-7.8023e-03, -1.9231e-02, -4.8233e-02],
          [ 1.6079e-02,  7.2276e-02,  7.0086e-02],
          [-4.2776e-02, -4.6190e-02, -2.8295e-02]],

         [[ 7.1717e-03, -1.2569e-01, -1.0071e-01],
          [ 1.1404e-01, -1.3131e-03, -3.0240e-02],
          [-3.4585e-02,  2.8690e-02,  2.3891e-02]],

         [[-1.1563e-02, -6.8313e-02, -3.1965e-02],
          [ 6.5423e-02, -2.6381e-02, -7.6890e-02],
          [ 5.1387e-02, -2.4581e-02,  6.5585e-02]]]])

conv_layers.4.bias: 
 tensor([-6.5038e-06, -4.6614e-05, -1.9953e-04,  7.2100e-05, -4.2081e-04,
        -1.1625e-04, -2.4477e-04, -4.0144e-04,  4.2678e-06, -5.7567e-04,
        -2.7397e-04,  8.0477e-04,  7.2813e-05, -1.6148e-04,  2.0518e-04,
        -1.6101e-04, -3.5092e-04,  2.1381e-04, -5.3582e-05,  1.0553e-04,
        -2.8250e-04, -8.8198e-05,  1.2198e-04, -8.8339e-04, -5.6437e-04,
         7.0527e-04,  2.7384e-04, -1.3099e-06, -3.9214e-05,  2.5152e-04,
        -3.0130e-04,  6.8841e-04])

conv_layers.5.weight: 
 tensor([0.9763, 0.9920, 0.8699, 0.9531, 0.8845, 0.8991, 0.9222, 0.9939, 0.8923,
        1.0039, 0.8839, 0.9333, 1.0260, 0.9323, 0.8986, 0.9965, 0.9208, 0.9418,
        0.9736, 0.9910, 0.9358, 0.9507, 0.9779, 0.9834, 1.0353, 0.9815, 0.9366,
        0.9551, 0.9075, 1.0080, 0.9901, 0.9509])

conv_layers.5.bias: 
 tensor([-0.0469,  0.0301, -0.0573, -0.0286, -0.0146, -0.0892,  0.0185, -0.0444,
        -0.1108, -0.0356, -0.1207, -0.0217, -0.0169, -0.0536, -0.0903, -0.0986,
        -0.0108,  0.0147, -0.0250, -0.0218, -0.1229, -0.0849, -0.0796, -0.0417,
        -0.0986, -0.0428, -0.0731, -0.0750,  0.0230, -0.0191, -0.0866, -0.0652])

conv_layers.5.running_mean: 
 tensor([-0.1832, -0.0488, -0.1070, -0.1539, -0.1816, -0.2700, -0.0811, -0.1679,
        -0.1650, -0.2002, -0.2149, -0.0752, -0.3061, -0.2293, -0.2369, -0.2491,
        -0.0555, -0.1418, -0.1582, -0.0248, -0.0658, -0.1433, -0.2530, -0.0464,
        -0.2812, -0.0711, -0.2140, -0.1109, -0.0142,  0.0579, -0.1110, -0.2629])

conv_layers.5.running_var: 
 tensor([0.4014, 0.6609, 0.3065, 0.7374, 0.2046, 0.3629, 0.3741, 0.4834, 0.3941,
        0.5424, 0.1724, 0.4143, 0.6687, 0.3866, 0.3495, 0.6652, 0.3405, 0.4216,
        0.2686, 0.6870, 0.4333, 0.2871, 0.4087, 0.4230, 1.0709, 0.5996, 0.4225,
        0.6431, 0.3666, 0.7649, 0.3936, 0.4057])

conv_layers.5.num_batches_tracked: 
 21601

conv_layers.9.weight: 
 tensor([[[[ 0.0359, -0.0068,  0.0656],
          [-0.0502, -0.0725, -0.0093],
          [-0.0115, -0.0069,  0.0236]],

         [[ 0.0038,  0.0133,  0.0220],
          [ 0.0270, -0.0845, -0.0232],
          [ 0.0369,  0.0126,  0.0007]],

         [[-0.0001,  0.0022,  0.0468],
          [-0.0406, -0.0385, -0.0425],
          [ 0.0546, -0.0162,  0.0139]],

         ...,

         [[ 0.0016, -0.0211,  0.0744],
          [-0.0163,  0.0445, -0.0325],
          [-0.0341, -0.0383,  0.0106]],

         [[ 0.0570, -0.0347, -0.0037],
          [-0.0120,  0.0029, -0.0153],
          [-0.0497,  0.0083,  0.0460]],

         [[ 0.0788,  0.0098,  0.0041],
          [ 0.0193, -0.0705, -0.0379],
          [-0.0279, -0.0308,  0.0148]]],


        [[[-0.0163, -0.0684, -0.0477],
          [ 0.0190,  0.0105,  0.0116],
          [ 0.0362, -0.0075,  0.0200]],

         [[-0.0156, -0.0629,  0.0013],
          [ 0.0188, -0.0500, -0.0288],
          [-0.0147,  0.0787,  0.0262]],

         [[ 0.0401, -0.0373, -0.0292],
          [ 0.0210,  0.0011,  0.0121],
          [ 0.0136, -0.0213,  0.0254]],

         ...,

         [[ 0.0182, -0.0181, -0.0236],
          [ 0.0289,  0.0357, -0.0595],
          [-0.0475,  0.0447, -0.0247]],

         [[ 0.0493,  0.0554,  0.0391],
          [ 0.0347, -0.0192, -0.0359],
          [ 0.0026,  0.0163,  0.0118]],

         [[ 0.0336, -0.0258, -0.0535],
          [ 0.0577,  0.0317, -0.0005],
          [-0.0417, -0.0444,  0.0413]]],


        [[[ 0.0373,  0.0003, -0.0102],
          [ 0.0591, -0.0661,  0.0059],
          [ 0.0198, -0.0243, -0.0087]],

         [[ 0.0524, -0.0536, -0.0197],
          [ 0.0395, -0.0472, -0.0075],
          [-0.0334, -0.0393,  0.0824]],

         [[ 0.0680, -0.0475,  0.0177],
          [ 0.0442, -0.1027,  0.0141],
          [ 0.0124, -0.0262, -0.0030]],

         ...,

         [[ 0.0304,  0.0181, -0.0149],
          [ 0.0044,  0.0265, -0.0579],
          [-0.0517,  0.0102, -0.0528]],

         [[ 0.0258, -0.0224,  0.0170],
          [-0.0259, -0.0022, -0.0125],
          [ 0.0078, -0.0345, -0.0270]],

         [[ 0.0738, -0.0268,  0.0163],
          [-0.0110, -0.0495, -0.0436],
          [ 0.0397,  0.0093, -0.0175]]],


        ...,


        [[[-0.0206,  0.0413,  0.0452],
          [-0.0164, -0.0403, -0.0212],
          [ 0.0015, -0.0209, -0.0034]],

         [[ 0.0022, -0.0235, -0.0528],
          [-0.0029,  0.0109,  0.0376],
          [-0.0121,  0.0026,  0.0170]],

         [[ 0.0542,  0.0229,  0.0515],
          [-0.0452, -0.0496,  0.0482],
          [ 0.0091, -0.0334, -0.0408]],

         ...,

         [[ 0.0058,  0.0285,  0.0553],
          [ 0.0213, -0.0370,  0.0303],
          [-0.0942, -0.0791, -0.0206]],

         [[ 0.0426, -0.0316,  0.0063],
          [ 0.0600,  0.0277,  0.0727],
          [-0.0678, -0.0234,  0.0179]],

         [[ 0.0390,  0.0301, -0.0016],
          [ 0.0167,  0.0113, -0.0208],
          [-0.0232, -0.0354,  0.0085]]],


        [[[-0.0278,  0.0184, -0.0052],
          [ 0.0457, -0.0405, -0.0082],
          [-0.0426, -0.0900,  0.0660]],

         [[ 0.0287,  0.0174,  0.0079],
          [-0.0746, -0.0545,  0.0638],
          [-0.0264,  0.0455,  0.0058]],

         [[ 0.0162, -0.0285,  0.0263],
          [ 0.0430, -0.0746, -0.0153],
          [-0.0284, -0.0271,  0.0392]],

         ...,

         [[-0.0090, -0.0175,  0.0553],
          [ 0.0209,  0.0144, -0.0369],
          [ 0.0575, -0.0426, -0.0086]],

         [[-0.0484,  0.0187,  0.0051],
          [ 0.0541, -0.0584, -0.0037],
          [-0.0233, -0.0266, -0.0023]],

         [[ 0.0439, -0.0359,  0.0791],
          [ 0.0128, -0.0601, -0.0089],
          [ 0.0257, -0.0502, -0.0178]]],


        [[[ 0.0051,  0.0064, -0.0087],
          [-0.0173,  0.0668, -0.0267],
          [ 0.0123, -0.0379, -0.0084]],

         [[ 0.0670,  0.0273,  0.0215],
          [ 0.0090,  0.0301,  0.0039],
          [-0.0710, -0.0351, -0.0241]],

         [[ 0.0450,  0.0084, -0.0162],
          [ 0.0492,  0.0258, -0.0389],
          [-0.0264,  0.0041, -0.0212]],

         ...,

         [[-0.0201, -0.0366,  0.0255],
          [ 0.0237,  0.0078,  0.0402],
          [ 0.0522,  0.0060,  0.0374]],

         [[-0.0223,  0.0387, -0.0182],
          [ 0.0353,  0.0306,  0.0341],
          [ 0.0024,  0.0380, -0.0238]],

         [[-0.0050,  0.0026, -0.0081],
          [-0.0403,  0.0369, -0.0383],
          [ 0.0327,  0.0321, -0.0568]]]])

conv_layers.9.bias: 
 tensor([-2.8119e-05, -2.7980e-05,  4.6814e-05, -4.3071e-05,  2.5034e-05,
        -2.5402e-06, -1.8883e-05,  2.0901e-06,  6.9674e-05, -3.9913e-05,
        -3.0390e-05, -5.4054e-06, -4.4675e-05,  9.1453e-06, -1.1660e-04,
        -5.4083e-06,  1.3534e-05, -4.1714e-05, -9.4541e-07, -3.7196e-05,
        -6.6064e-07,  1.9434e-05, -2.3702e-05,  1.9340e-07, -4.0263e-05,
        -3.6401e-06, -6.1806e-05,  1.9335e-05,  8.1390e-05,  5.6773e-05,
        -3.9751e-05, -1.0291e-05, -9.3802e-05,  2.1542e-05, -1.9906e-05,
        -1.3271e-05,  5.4147e-06, -8.4180e-05, -1.8362e-05,  8.6098e-06,
         7.7948e-06, -6.3608e-05, -5.4366e-06,  8.8347e-05, -2.5724e-05,
         1.0536e-05, -2.8567e-05,  6.6979e-05, -5.8658e-05,  4.8876e-05,
        -7.1874e-05,  5.3289e-06, -1.0693e-05, -5.8866e-05,  4.2009e-05,
        -3.0984e-05, -1.4035e-05, -2.7829e-05,  6.7830e-05, -3.4196e-05,
        -3.3586e-05,  2.8472e-05, -1.0149e-04, -1.0482e-04])

conv_layers.10.weight: 
 tensor([0.9783, 0.9947, 0.9621, 0.8506, 0.9678, 0.9377, 0.9354, 0.9150, 0.9237,
        0.8556, 0.9698, 0.9305, 0.9796, 0.8385, 0.9298, 0.8321, 0.9784, 0.9483,
        0.9031, 0.9482, 0.9007, 0.9082, 0.9052, 0.9763, 1.0114, 0.9352, 0.9341,
        0.8418, 0.9001, 0.9393, 0.9797, 0.9914, 1.0191, 0.8690, 0.9728, 0.9154,
        0.8583, 0.9302, 0.9909, 0.9511, 0.9810, 0.9681, 0.9693, 0.9611, 0.9516,
        0.9714, 0.9930, 0.9859, 0.9791, 0.9064, 0.9704, 0.9333, 0.9662, 0.8907,
        1.0146, 0.9880, 0.9302, 0.9611, 0.9635, 1.0330, 0.9425, 0.9285, 0.9730,
        0.9282])

conv_layers.10.bias: 
 tensor([-0.0487, -0.0456, -0.0820, -0.0397, -0.0907, -0.0375, -0.0290, -0.1055,
        -0.0519,  0.0119, -0.0700,  0.0133, -0.0734, -0.0285, -0.0950, -0.1031,
        -0.0313, -0.1121,  0.0135, -0.0713, -0.0682, -0.1162, -0.1439, -0.0012,
        -0.0276, -0.0850, -0.1090, -0.0434, -0.0062, -0.0580, -0.0266, -0.0751,
         0.0008, -0.1258, -0.0521, -0.1366, -0.0574, -0.1043, -0.0727, -0.0577,
        -0.0607, -0.0960, -0.0260, -0.0628, -0.1310, -0.0764, -0.0415, -0.0059,
        -0.0690, -0.1107, -0.0425, -0.0808, -0.0255,  0.0062, -0.0652, -0.0923,
        -0.0598, -0.0553, -0.0584, -0.0354,  0.0051, -0.0566, -0.0972, -0.1276])

conv_layers.10.running_mean: 
 tensor([-0.1459, -0.1711, -0.1737,  0.1711, -0.2667, -0.3787, -0.2397,  0.0330,
        -0.2446,  0.2552, -0.4132, -0.0744, -0.4594, -0.3009, -0.0996,  0.1457,
        -0.0805, -0.2031, -0.3124, -0.2213, -0.1122, -0.3371, -0.1594, -0.5436,
        -0.7674, -0.1497, -0.1891,  0.2533, -0.0048, -0.2532, -0.5624, -0.2844,
        -0.4719,  0.0675, -0.0563, -0.1854, -0.0524, -0.1456, -0.2529, -0.3884,
        -0.2431, -0.3755, -0.3096, -0.3983, -0.5093, -0.2452, -0.7801, -0.2586,
        -0.3431, -0.0990, -0.1396, -0.0864, -0.1605,  0.0494, -0.2867, -0.1012,
        -0.1573, -0.2896, -0.3824, -0.2248, -0.0463, -0.1439, -0.2382, -0.1109])

conv_layers.10.running_var: 
 tensor([1.6183, 1.0972, 1.5541, 0.9667, 0.8987, 1.4407, 0.8928, 0.7307, 0.8415,
        1.1374, 1.9205, 0.7486, 1.3592, 0.9168, 1.0839, 0.9683, 1.6555, 1.6166,
        1.9646, 0.9969, 0.9345, 1.5464, 0.6119, 1.3966, 1.6761, 1.1570, 0.9409,
        1.3799, 0.8691, 1.0757, 1.9357, 1.3338, 1.4506, 0.6456, 0.9730, 1.2261,
        1.6658, 1.1937, 1.3130, 1.0791, 1.5004, 1.2072, 1.9219, 1.3813, 1.7193,
        1.2945, 1.5781, 1.2332, 1.2212, 1.2190, 1.5727, 1.1797, 1.1266, 1.0432,
        1.1752, 1.0696, 1.8061, 1.6233, 1.3740, 1.4060, 0.7872, 1.4393, 1.1446,
        0.9686])

conv_layers.10.num_batches_tracked: 
 21601

conv_layers.13.weight: 
 tensor([[[[ 4.9503e-03,  3.1209e-03,  4.2501e-02],
          [ 1.3438e-02, -1.4426e-02,  1.8024e-02],
          [-1.3649e-02, -4.1451e-02,  5.5045e-03]],

         [[-9.6298e-03, -6.4700e-03, -1.9914e-02],
          [ 3.1981e-02, -4.2519e-03,  1.9515e-02],
          [-1.2107e-02, -3.9227e-02, -3.3960e-02]],

         [[-3.2467e-02, -3.4448e-02,  1.8223e-02],
          [ 1.5969e-02, -1.2096e-02, -3.6640e-02],
          [ 3.1533e-02, -3.1174e-03,  1.1716e-02]],

         ...,

         [[-3.5718e-02, -2.3417e-02,  2.3505e-02],
          [ 3.3878e-04, -2.2075e-02,  1.7147e-02],
          [ 3.3429e-02, -3.8818e-03,  4.4934e-02]],

         [[-3.3579e-02,  7.3847e-03,  2.5981e-02],
          [ 1.9651e-02,  4.9449e-03,  2.2901e-02],
          [-1.0493e-02, -3.9343e-02, -5.9365e-02]],

         [[ 3.6744e-04,  3.8784e-02,  8.0020e-04],
          [ 2.5579e-02, -3.6564e-02, -3.5604e-02],
          [-7.3485e-02, -2.2724e-02,  2.5646e-02]]],


        [[[-6.6873e-03, -8.3815e-03, -4.6686e-02],
          [-1.5083e-03,  1.1534e-02,  1.4537e-02],
          [-5.7071e-02, -4.4733e-02,  9.7200e-03]],

         [[-1.9079e-03, -7.3180e-03,  1.9799e-02],
          [-4.3020e-02, -1.8320e-02,  2.8576e-02],
          [-3.3349e-02,  3.6706e-02,  2.4737e-02]],

         [[-1.1445e-02,  5.4654e-03, -4.4545e-02],
          [ 4.1413e-02,  3.8423e-02,  4.4619e-03],
          [-5.3120e-03, -4.6177e-02, -3.6880e-02]],

         ...,

         [[-1.9763e-02, -7.3243e-02, -4.4127e-02],
          [-1.7007e-02, -2.3520e-02, -4.2833e-02],
          [ 5.5592e-03, -2.4788e-03,  2.6267e-02]],

         [[ 3.2409e-03, -5.1767e-02, -1.8932e-03],
          [-1.4896e-02, -4.0699e-02, -4.4994e-02],
          [-2.5694e-03, -2.7760e-02,  2.6976e-02]],

         [[ 2.5574e-02,  2.3648e-02, -4.4830e-02],
          [ 2.5065e-02,  3.1177e-02, -1.2170e-03],
          [-4.1585e-02,  2.2897e-02, -2.9322e-04]]],


        [[[-2.9600e-02, -1.5002e-02,  1.4952e-02],
          [ 6.3820e-05, -1.4333e-03,  3.1299e-02],
          [ 4.5165e-02, -3.8020e-02, -4.3812e-02]],

         [[ 5.1338e-02,  1.4125e-02, -3.7194e-02],
          [-5.1049e-03, -1.8054e-03, -1.0898e-02],
          [ 3.2078e-02, -9.6489e-03, -6.4707e-03]],

         [[-1.4398e-02,  2.5282e-02, -2.0112e-02],
          [ 1.5370e-02,  2.8459e-02, -2.2782e-02],
          [-4.6499e-02, -5.2567e-03, -7.3902e-03]],

         ...,

         [[ 2.5223e-02, -2.6182e-02, -1.0349e-02],
          [ 1.9173e-02, -2.7986e-02, -2.7450e-02],
          [ 1.1460e-02, -5.2748e-03, -3.1831e-02]],

         [[ 9.6039e-03, -1.2715e-02, -1.3022e-02],
          [ 2.1411e-02, -3.5668e-02,  5.4272e-02],
          [-1.5347e-02, -1.6570e-02,  1.4426e-02]],

         [[ 3.3330e-02,  9.0864e-03, -3.5267e-02],
          [ 2.4553e-02,  2.5814e-02, -1.6828e-02],
          [-1.2391e-02,  9.3698e-03,  3.3101e-03]]],


        ...,


        [[[-2.1158e-02,  1.2636e-02,  1.6571e-02],
          [ 1.0853e-02,  2.5225e-02, -7.2824e-03],
          [-4.0599e-02,  4.9656e-03, -7.0259e-03]],

         [[-1.0223e-02,  2.4284e-03, -2.5449e-02],
          [-5.0662e-03,  4.3301e-02,  2.2218e-02],
          [-5.1908e-02,  6.0095e-03,  7.6401e-05]],

         [[-3.4741e-03,  2.2241e-02,  8.4903e-03],
          [ 4.3822e-03,  1.9244e-02, -5.5755e-02],
          [ 1.8281e-02, -1.9535e-02, -1.2511e-03]],

         ...,

         [[-1.7700e-02, -2.6503e-02,  3.5782e-02],
          [-1.5591e-02,  1.3864e-02, -1.7269e-02],
          [-1.4085e-02, -3.5676e-02, -1.1464e-02]],

         [[-1.2046e-02, -1.9598e-02, -2.0504e-02],
          [-8.1268e-05,  2.6110e-02,  6.1918e-03],
          [ 3.9870e-02, -3.2412e-03, -2.9304e-02]],

         [[ 6.0164e-02,  1.1542e-02, -4.8809e-02],
          [-2.8169e-02,  1.9037e-02, -2.0725e-03],
          [-2.1501e-02,  3.0451e-02,  1.0191e-02]]],


        [[[ 1.0821e-02, -1.6948e-02,  4.6402e-02],
          [ 9.1274e-03, -4.8462e-02,  9.1636e-03],
          [-3.1750e-02, -4.2030e-03,  4.4355e-03]],

         [[ 3.8407e-02, -1.4455e-02, -3.5320e-02],
          [ 2.7621e-02, -1.6003e-02, -1.0060e-02],
          [-9.0302e-03, -1.6106e-02, -2.7784e-02]],

         [[ 3.7569e-02, -4.8889e-02, -8.1600e-02],
          [ 2.9125e-02,  1.0020e-02,  3.0804e-04],
          [ 2.1047e-02,  2.7924e-02, -3.7596e-02]],

         ...,

         [[-1.5477e-02,  4.4538e-03,  4.2578e-02],
          [ 2.3081e-03, -2.8990e-02,  2.9550e-02],
          [-1.0216e-02, -9.7635e-03,  1.2469e-02]],

         [[ 1.5542e-02,  3.3904e-02,  3.9484e-02],
          [ 1.1624e-02,  5.6950e-03, -4.9785e-02],
          [-5.3984e-03,  8.4190e-03, -1.0041e-02]],

         [[-3.1931e-02, -5.8951e-02, -4.0635e-02],
          [ 2.1334e-02,  1.9082e-02,  2.4919e-03],
          [ 1.6135e-02,  2.6722e-02, -3.4197e-02]]],


        [[[ 4.4843e-02,  3.7750e-02, -1.9520e-02],
          [-3.6557e-02, -3.9429e-02, -6.8413e-02],
          [-4.8849e-02, -1.6568e-02, -3.4645e-02]],

         [[ 7.6478e-03, -2.2652e-02, -2.2923e-02],
          [ 6.8136e-03, -1.3905e-03,  8.6027e-03],
          [ 5.8348e-03,  1.2136e-02,  5.1708e-03]],

         [[ 1.6003e-02,  1.4967e-02,  2.1271e-02],
          [-4.7074e-02, -3.1927e-02, -8.2960e-03],
          [-6.1277e-02, -3.9084e-02, -4.0440e-03]],

         ...,

         [[ 9.6995e-03,  3.2199e-02, -1.0592e-02],
          [-5.5627e-02, -4.3550e-02, -3.2751e-02],
          [-3.3258e-03,  1.2701e-02, -1.1234e-03]],

         [[ 2.7202e-02, -5.2623e-03,  2.9232e-02],
          [-2.1710e-02, -4.3188e-02, -2.9795e-02],
          [-4.1907e-02, -1.0312e-02,  3.0192e-02]],

         [[ 1.0345e-02,  8.0270e-03, -2.3693e-02],
          [-4.6378e-02, -1.4230e-02, -2.8987e-03],
          [-1.7676e-03, -6.3894e-03, -2.4098e-02]]]])

conv_layers.13.bias: 
 tensor([-4.6068e-05,  2.2388e-05,  5.0016e-06, -2.0866e-05, -2.3969e-06,
         5.1125e-06,  6.3122e-05, -3.0322e-05, -3.8861e-07,  4.1888e-05,
         9.8539e-05, -1.0118e-05,  3.4899e-05, -2.7292e-05, -4.0727e-05,
         1.3623e-05,  5.1365e-06,  2.4240e-05, -5.5741e-05,  1.3781e-06,
        -3.1952e-05, -3.2557e-05,  3.2381e-05,  5.5033e-05,  3.2197e-05,
         1.3939e-05, -3.7842e-05,  1.8256e-05, -3.0333e-05, -5.3577e-05,
         1.7308e-05,  1.7816e-05,  5.1746e-06,  6.0912e-05,  1.9399e-05,
         1.1689e-05, -2.0836e-05,  4.0549e-05,  6.1197e-06,  2.4654e-05,
         1.0327e-04,  2.5212e-05, -1.4338e-05,  4.6187e-05, -2.3858e-06,
        -5.1994e-05, -1.0400e-05, -7.9918e-06, -1.1251e-05,  1.9430e-05,
         1.9410e-07,  2.0809e-05,  2.2928e-06, -1.1923e-05, -2.7983e-06,
        -6.9109e-06,  1.7065e-05,  3.3406e-05, -5.5842e-05, -1.1733e-05,
         5.0234e-05, -2.3015e-05,  1.2409e-05, -3.1110e-06,  2.7322e-05,
        -3.5183e-05, -4.2161e-05, -1.2770e-04,  2.3953e-06, -3.7780e-05,
        -1.3493e-05, -1.0564e-05, -3.7995e-05,  3.8396e-05,  6.0263e-06,
         2.8672e-05,  4.2540e-05,  4.9835e-06,  5.1962e-05,  8.9566e-06,
         6.5280e-05,  3.8333e-05,  6.9656e-06,  6.3827e-06,  1.6430e-05,
         2.1857e-05,  6.3539e-05, -2.7322e-06, -6.8197e-06,  1.0862e-05,
        -1.7501e-05, -8.6033e-06, -1.8652e-06,  1.4365e-05,  7.4778e-06,
         7.5515e-07, -2.0380e-06, -5.8698e-05, -2.0599e-05, -4.3301e-05,
        -8.9076e-06, -6.1219e-06, -2.6907e-05, -3.8883e-06, -2.1575e-05,
        -2.9331e-05, -4.8571e-05,  6.2222e-05, -5.3600e-06, -1.3863e-05,
         2.0608e-05, -1.0012e-04, -1.6574e-05, -4.0255e-06,  1.1740e-05,
        -4.4475e-05, -2.9662e-05,  4.8723e-05,  1.7592e-05,  3.7525e-05,
         8.5352e-06,  1.0924e-04,  5.4659e-05,  8.8907e-06,  6.6163e-05,
        -3.2700e-05, -1.2041e-05,  2.3448e-05])

conv_layers.14.weight: 
 tensor([0.8974, 0.9247, 0.9234, 0.8813, 0.8949, 0.9239, 0.9622, 0.9613, 0.8701,
        0.9695, 0.8848, 0.9930, 0.9015, 0.9003, 0.9649, 0.9052, 0.8985, 0.9177,
        0.9718, 0.9245, 0.9383, 0.9478, 0.9414, 0.9253, 0.9109, 0.9314, 0.9474,
        0.8858, 0.9707, 0.9562, 0.8968, 0.9066, 0.9320, 0.9931, 0.9786, 0.8932,
        0.9446, 0.9118, 0.9094, 0.9701, 0.9766, 0.9358, 0.9100, 0.9303, 0.8930,
        0.9802, 0.9220, 0.9022, 0.9308, 0.8604, 0.9212, 0.9233, 0.9044, 0.8911,
        0.8863, 0.8842, 0.9209, 0.8732, 0.9825, 0.9135, 0.9615, 0.9087, 0.9077,
        0.9322, 0.9393, 0.8712, 0.9619, 0.8985, 0.9306, 0.8907, 0.8834, 0.9407,
        0.9995, 0.9271, 0.8875, 0.9053, 0.8961, 0.9311, 0.8783, 0.9077, 0.9521,
        0.8706, 0.9119, 0.8992, 0.8623, 0.9775, 0.9408, 0.9184, 0.9545, 0.9365,
        0.9362, 0.8897, 0.9147, 0.8819, 0.9295, 0.9093, 0.9239, 0.8961, 0.9475,
        0.8812, 0.9445, 0.9835, 0.8653, 0.8811, 0.9166, 0.8684, 0.9528, 0.9352,
        0.8918, 0.8824, 0.9448, 0.9557, 0.8961, 0.9131, 0.9110, 0.9280, 0.9100,
        0.9306, 0.8275, 0.9406, 0.9495, 0.9908, 0.9443, 0.9054, 0.9560, 0.9118,
        0.8995, 0.9174])

conv_layers.14.bias: 
 tensor([-0.1459, -0.1099, -0.1090, -0.1227, -0.1719, -0.1230, -0.1005, -0.1304,
        -0.1457, -0.1385, -0.1181, -0.1158, -0.1476, -0.1562, -0.0705, -0.1091,
        -0.1472, -0.1428, -0.1397, -0.1503, -0.1287, -0.0972, -0.1253, -0.1228,
        -0.1118, -0.1000, -0.0948, -0.1148, -0.1031, -0.1332, -0.1456, -0.1232,
        -0.1304, -0.1080, -0.1681, -0.1624, -0.1105, -0.1486, -0.1338, -0.2248,
        -0.0965, -0.1360, -0.1268, -0.1270, -0.1549, -0.1406, -0.0792, -0.1382,
        -0.1389, -0.1504, -0.0966, -0.1320, -0.1544, -0.1226, -0.1581, -0.1311,
        -0.1216, -0.1295, -0.1320, -0.1406, -0.1480, -0.1073, -0.1407, -0.1197,
        -0.1396, -0.1019, -0.1017, -0.1184, -0.1259, -0.1465, -0.1470, -0.1528,
        -0.1144, -0.1489, -0.2230, -0.1093, -0.1338, -0.1194, -0.1554, -0.1700,
        -0.1321, -0.1116, -0.1528, -0.1394, -0.1732, -0.0963, -0.1386, -0.1245,
        -0.1264, -0.1632, -0.1334, -0.1309, -0.1376, -0.1562, -0.1464, -0.1504,
        -0.1480, -0.1463, -0.1247, -0.0980, -0.1485, -0.1105, -0.1541, -0.1556,
        -0.1380, -0.1408, -0.0887, -0.1234, -0.1043, -0.1399, -0.1732, -0.1471,
        -0.1358, -0.1358, -0.1309, -0.1425, -0.1214, -0.1552, -0.1936, -0.1232,
        -0.0959, -0.1006, -0.1562, -0.1330, -0.1045, -0.1484, -0.1320, -0.1238])

conv_layers.14.running_mean: 
 tensor([-0.3189, -0.5718, -0.3862, -0.2633, -0.3210, -0.3389, -0.4051, -0.2726,
        -0.1111, -0.3512, -0.2327, -0.3900, -0.3550, -0.7485, -0.5008, -0.5063,
        -0.2901, -0.1308, -0.4489, -0.1632, -0.0573, -0.4779, -0.8163, -0.2770,
        -0.2614, -0.4054, -0.3819, -0.3457, -0.2906, -0.5224, -0.7158, -0.9662,
        -0.3974, -0.4201, -0.5980, -0.2295, -0.4614, -0.4082, -0.4614, -0.3316,
        -0.5401, -0.3843, -0.6087, -0.3202, -0.2402, -0.3316, -0.3205, -0.4812,
        -0.7730, -0.6286, -0.3841, -0.1343, -0.8374, -0.5024, -0.3349, -0.4143,
        -0.2381, -0.3873, -0.3069, -0.4821, -0.1944, -0.3821, -0.2028, -0.3338,
        -0.3007, -0.4129, -0.2873, -0.4882, -0.4722, -0.4584, -0.0733, -0.3170,
        -0.2994, -0.3834, -0.4335, -0.2920, -0.8979, -0.2487, -0.5889, -0.5642,
        -0.2529, -0.5354, -0.5428, -0.5190, -0.4774, -0.3675, -0.3738, -0.2821,
        -0.2565, -0.4170, -0.1067, -0.4496, -0.1963, -0.4368, -0.2555, -0.1959,
        -0.1598, -0.5851, -0.4353, -0.5733, -0.2565, -0.5833, -0.3075, -0.1041,
        -0.3926, -0.5223, -0.5428, -0.6222, -0.4440, -0.2661, -0.6973, -0.3417,
        -0.3179, -0.8464, -0.4297, -0.2318, -0.4606, -0.6172, -0.3572, -0.3676,
        -0.1139, -0.3005, -0.1166, -0.5170, -0.4470, -0.1374, -0.2588, -0.8538])

conv_layers.14.running_var: 
 tensor([0.7295, 0.8361, 0.6473, 0.5709, 0.6019, 0.5682, 0.8553, 0.9173, 0.5627,
        0.5499, 0.6879, 0.4910, 0.6158, 0.9509, 0.9906, 0.8110, 0.7165, 0.5621,
        0.9128, 0.5125, 0.6461, 0.7789, 1.4251, 0.7493, 0.9563, 0.8148, 1.2845,
        0.7938, 0.8133, 0.6342, 1.1451, 1.5820, 0.9776, 0.6204, 0.5216, 0.7478,
        0.6674, 0.6962, 0.7227, 0.7355, 0.5582, 0.6101, 0.6968, 0.6620, 0.5617,
        0.6261, 1.0857, 0.8447, 1.0926, 0.4941, 1.1148, 0.5140, 1.2074, 0.7734,
        0.7981, 0.9416, 0.7006, 0.8483, 0.6665, 0.8860, 0.7468, 1.0684, 0.7215,
        0.7690, 0.9830, 0.9415, 0.6252, 0.8772, 0.6102, 0.5193, 0.5810, 0.7073,
        0.4983, 0.7213, 0.4597, 0.5673, 1.4383, 0.9831, 0.5194, 0.6217, 0.8770,
        1.1185, 0.5565, 0.5793, 0.6624, 0.7952, 0.4372, 0.8077, 0.8971, 0.6104,
        0.7023, 0.8935, 0.7728, 0.5478, 0.7928, 0.9189, 0.8987, 0.7816, 0.8257,
        1.0420, 0.6421, 0.6367, 0.5182, 0.5791, 0.7805, 0.6939, 1.1742, 0.8256,
        1.0835, 0.8227, 0.6042, 0.4531, 0.8158, 1.0026, 0.5837, 0.7671, 0.9478,
        0.8736, 0.6431, 0.5790, 0.6131, 0.7475, 0.8441, 0.7637, 0.7616, 0.4989,
        0.6700, 1.4472])

conv_layers.14.num_batches_tracked: 
 21601

conv_layers.18.weight: 
 tensor([[[[-1.0808e-04,  9.4354e-03,  5.0268e-03],
          [ 2.4572e-02,  1.1204e-02,  1.0431e-02],
          [ 1.4005e-02,  2.0916e-03, -1.7568e-02]],

         [[ 1.4985e-02,  1.3141e-02,  3.4247e-02],
          [-3.0207e-02, -1.6603e-02, -1.1615e-02],
          [-1.9509e-02, -2.2029e-03, -9.1574e-03]],

         [[-3.2251e-02,  2.1244e-02,  2.4151e-02],
          [ 1.0690e-02,  3.1954e-02,  3.3251e-03],
          [ 9.8388e-03, -8.8564e-03, -2.4725e-02]],

         ...,

         [[-1.4701e-02, -1.5348e-02, -6.6989e-03],
          [ 6.0432e-03, -2.8327e-02, -1.3056e-02],
          [-5.3354e-03,  4.9492e-03, -2.4252e-03]],

         [[ 1.2164e-02, -2.1090e-02,  7.1360e-03],
          [-1.1283e-03, -2.9994e-02,  2.3423e-03],
          [ 2.8829e-02,  1.6542e-02, -8.0130e-03]],

         [[ 1.6289e-02,  2.6766e-03, -2.1348e-02],
          [ 1.1421e-02, -2.2314e-02, -7.6536e-03],
          [ 2.9734e-02,  3.4142e-03, -1.6198e-02]]],


        [[[-1.6887e-02,  1.3676e-02,  1.1908e-02],
          [-5.8119e-03, -3.1834e-02, -2.1610e-02],
          [-8.5809e-03,  4.5952e-03, -1.9614e-02]],

         [[-2.2702e-02, -2.4545e-03,  3.6087e-02],
          [-1.5113e-02, -2.1832e-02,  1.3615e-02],
          [ 4.7515e-02, -3.3086e-02, -1.8754e-02]],

         [[-1.1125e-02, -6.6393e-03,  2.2885e-02],
          [ 3.8955e-02,  4.8734e-03, -1.7535e-02],
          [ 1.6797e-02, -2.9649e-02, -3.7395e-02]],

         ...,

         [[-2.2643e-02,  2.4144e-02,  1.1913e-02],
          [-8.1766e-03,  6.3884e-03,  9.6744e-04],
          [-1.5061e-02,  4.0225e-03,  3.5136e-03]],

         [[-8.2306e-03, -1.1032e-02,  2.0154e-02],
          [-1.9821e-02, -2.6645e-02, -7.3047e-03],
          [ 8.2134e-03, -4.4371e-03,  3.1285e-02]],

         [[-1.7523e-03,  1.6738e-02,  3.2614e-02],
          [ 1.1355e-02,  8.5934e-03, -1.8044e-02],
          [ 3.6415e-02, -4.7257e-02, -1.6960e-02]]],


        [[[-1.3951e-02, -7.2644e-04, -3.0773e-02],
          [ 6.6673e-03,  4.0788e-03,  2.0565e-02],
          [ 2.1608e-02, -6.8894e-03,  3.7959e-02]],

         [[-2.2824e-02,  9.7166e-03,  6.2436e-03],
          [-5.7921e-03, -2.0569e-02,  2.3233e-02],
          [-2.4696e-04, -9.9984e-03,  1.8619e-02]],

         [[-8.8897e-03,  1.3238e-02, -3.7853e-02],
          [-3.5509e-02, -8.6346e-03,  7.6000e-03],
          [ 1.2051e-02, -1.5595e-02,  3.5205e-02]],

         ...,

         [[ 8.9866e-03,  3.1311e-02, -6.7744e-03],
          [ 1.1977e-03, -5.3274e-02, -1.7803e-04],
          [-3.0131e-03,  2.3029e-02, -1.1655e-02]],

         [[-4.2100e-04,  6.2540e-03,  1.3420e-02],
          [-4.2688e-03, -6.4004e-03, -2.1211e-02],
          [ 2.1494e-02,  5.6961e-03, -1.7282e-02]],

         [[-6.6805e-03, -5.9380e-04, -1.1720e-02],
          [ 1.2973e-02,  5.9266e-05,  1.9712e-02],
          [ 3.4370e-02, -1.2907e-02,  1.1592e-04]]],


        ...,


        [[[ 4.8568e-02, -2.6069e-02, -3.9865e-02],
          [ 8.2819e-03,  2.5049e-02,  8.3612e-03],
          [-2.8435e-02,  1.1887e-03,  3.0988e-02]],

         [[-2.5351e-03, -1.1297e-02, -1.8531e-02],
          [ 2.3697e-02,  3.4847e-02,  1.1367e-02],
          [ 1.9468e-02, -5.8100e-02, -2.8719e-02]],

         [[ 3.9761e-02,  1.1847e-02, -7.5359e-03],
          [ 2.2736e-02, -1.7733e-02, -2.1237e-02],
          [ 9.7810e-04, -3.1882e-02, -1.2050e-02]],

         ...,

         [[ 6.0607e-03, -5.0106e-03,  1.0038e-02],
          [ 6.8733e-03, -2.5536e-04,  2.7798e-03],
          [ 2.8979e-03,  2.0050e-02, -5.8729e-02]],

         [[ 1.5583e-02,  2.0329e-02, -2.5181e-02],
          [ 2.6576e-02, -3.7174e-03,  1.6211e-02],
          [-3.9137e-03, -2.4306e-02, -3.8034e-02]],

         [[ 2.7706e-02,  1.6690e-02,  3.8125e-05],
          [ 2.9839e-02,  2.1707e-02, -1.3224e-02],
          [ 1.6251e-02,  5.6458e-03, -2.0546e-02]]],


        [[[-2.5188e-02,  3.1673e-04,  1.5938e-02],
          [-1.4576e-02, -1.2074e-02, -2.7646e-05],
          [-2.3559e-02, -6.2450e-03, -1.5132e-02]],

         [[-1.9891e-02,  2.5109e-03,  1.3796e-02],
          [-3.0803e-02, -4.0802e-02, -1.2704e-02],
          [ 8.7997e-03, -1.9682e-03,  2.3735e-02]],

         [[-4.9177e-02, -1.0889e-02,  4.1713e-02],
          [ 2.2669e-02, -3.9705e-02,  3.5521e-02],
          [ 9.0088e-03,  1.7791e-03, -3.8897e-02]],

         ...,

         [[-2.3069e-02,  4.1844e-02,  1.5083e-02],
          [ 3.3320e-02,  6.9464e-03,  1.7350e-02],
          [-1.8130e-02, -2.3121e-02, -1.3988e-02]],

         [[-2.0520e-02,  3.6199e-03, -2.5135e-03],
          [ 5.2209e-03, -9.2202e-03, -1.1639e-02],
          [ 3.4681e-02, -2.8412e-03,  1.8105e-02]],

         [[-3.8539e-02, -2.3467e-02,  1.7366e-02],
          [ 5.8927e-04,  1.3984e-03,  8.1283e-03],
          [-1.0119e-02, -2.6483e-03,  1.7035e-02]]],


        [[[-3.2965e-02, -1.2605e-02,  1.6380e-02],
          [-3.6106e-02,  8.1494e-03,  6.4166e-03],
          [ 2.4905e-02,  1.2210e-02, -1.7615e-02]],

         [[ 1.7267e-02, -2.4943e-02, -1.6545e-02],
          [ 2.3156e-02,  1.1304e-02, -1.8592e-02],
          [-3.1327e-02,  8.6275e-03,  1.0219e-02]],

         [[-1.7530e-03, -3.6976e-02,  1.0007e-02],
          [ 1.2175e-02, -1.4181e-02,  7.7389e-03],
          [ 1.8115e-02, -2.1008e-03, -3.6459e-03]],

         ...,

         [[ 9.8211e-03,  3.7724e-02, -2.5828e-02],
          [-1.3106e-02,  3.6617e-03, -4.4480e-03],
          [-8.1930e-03,  1.4431e-02,  2.7104e-02]],

         [[ 4.0280e-03, -1.8886e-02, -5.8671e-03],
          [ 1.8165e-03,  2.4404e-03,  1.7296e-03],
          [ 2.2815e-02, -5.5308e-04, -9.3740e-03]],

         [[-3.5650e-02,  4.2704e-03, -2.8761e-02],
          [ 1.5029e-02, -1.1625e-02, -1.4567e-02],
          [ 4.5402e-02, -4.5334e-02,  4.7725e-02]]]])

conv_layers.19.weight: 
 tensor([0.8303, 0.9826, 0.9780, 0.9759, 0.9745, 0.7921, 0.9443, 0.9383, 1.0620,
        1.0022, 0.9823, 1.0010, 0.9500, 0.9781, 0.9869, 0.9739, 0.9402, 1.0811,
        1.0450, 0.9715, 0.9591, 0.9660, 0.9369, 0.9947, 1.0317, 0.8971, 1.0076,
        0.9777, 0.9413, 0.9037, 0.8888, 0.9904, 1.0110, 1.0456, 0.9261, 0.9963,
        0.9339, 0.7858, 0.9653, 1.0043, 1.0050, 0.9995, 0.9842, 0.9598, 1.0062,
        0.7194, 1.0009, 0.9530, 0.9362, 1.0103, 0.9280, 0.9490, 1.0327, 0.9038,
        1.0105, 0.9665, 0.9666, 1.0012, 0.9816, 0.9644, 0.9760, 1.0019, 1.0311,
        0.9747, 0.9691, 0.9374, 0.9929, 0.9480, 0.9554, 1.0122, 0.9633, 0.9379,
        0.8472, 0.9035, 0.9997, 0.9818, 0.9660, 0.9681, 0.9880, 0.9913, 0.9962,
        0.9785, 0.9876, 0.9808, 0.9403, 0.9743, 0.9949, 0.9977, 0.9297, 0.9783,
        0.9192, 0.9411, 1.0001, 0.9440, 0.9815, 0.9493, 1.0332, 1.0057, 1.0248,
        0.9145, 0.9355, 0.9365, 0.9793, 1.0245, 0.9629, 0.9809, 1.0000, 0.9857,
        0.9716, 0.9127, 0.9683, 0.9296, 0.9696, 0.9895, 0.9863, 0.9598, 0.8989,
        0.9688, 0.9914, 0.9977, 0.9807, 0.9886, 0.9355, 0.9421, 0.9305, 1.0139,
        0.9778, 0.9695, 0.9241, 0.9704, 0.9865, 0.9831, 0.9854, 0.7571, 1.0114,
        0.9684, 0.9489, 0.9990, 0.9369, 0.9459, 0.9844, 1.0274, 0.9686, 0.9589,
        1.0211, 0.9038, 0.9474, 0.9716, 0.9296, 0.9802, 0.9980, 0.9607, 0.9109,
        0.9564, 1.0159, 0.9762, 0.9775, 0.9824, 0.9605, 1.0108, 0.9955, 0.9542,
        0.9198, 0.9546, 0.9846, 1.0181, 0.9795, 0.9938, 0.9586, 0.9234, 0.9382,
        1.0165, 0.9945, 0.9643, 0.9936, 0.9903, 0.9718, 0.9911, 0.9761, 1.0081,
        0.9730, 1.0091, 1.0036, 0.9444, 0.9925, 0.9538, 0.9857, 0.9534, 1.0059,
        1.0480, 1.0194, 1.0126, 0.9924, 0.9501, 1.0142, 0.7811, 0.9836, 0.9961,
        0.9414, 1.0242, 0.9936, 1.0035, 1.0053, 0.9784, 0.9383, 1.0305, 0.9756,
        1.0014, 0.9920, 0.9930, 0.9430, 0.9523, 0.9737, 0.9377, 0.9470, 0.9668,
        0.9835, 0.9750, 0.9942, 0.9922, 0.9750, 0.9550, 0.9893, 0.9576, 0.8772,
        0.9795, 0.9505, 0.9377, 0.9677, 1.0254, 0.9877, 0.9583, 0.9738, 0.9896,
        0.9137, 0.9294, 0.9762, 1.0086, 1.0146, 0.9880, 0.9936, 1.0078, 0.9188,
        1.0010, 0.9651, 0.9761, 0.9099, 0.7894, 0.9748, 0.9346, 0.9500, 0.9700,
        0.9938, 1.0165, 0.9993, 0.9875])

conv_layers.19.bias: 
 tensor([ 6.0130e-02,  3.1395e-02, -4.7168e-03,  1.8904e-02, -5.5052e-02,
         8.4200e-02, -2.9234e-02, -2.6746e-02,  3.3095e-02,  2.2499e-02,
        -5.0206e-02, -4.5254e-03, -1.3165e-02,  9.8322e-03, -3.1202e-02,
        -3.6073e-02, -9.5361e-03,  2.5178e-03, -3.0702e-02,  6.0833e-03,
         1.7368e-02, -4.5751e-02, -4.8587e-02,  5.9740e-02,  7.4077e-03,
        -3.8716e-03, -3.1070e-02,  1.7792e-02, -1.2959e-02,  3.9877e-04,
         6.7142e-02,  1.0848e-02, -1.9166e-02,  1.2331e-02,  1.6782e-02,
         1.2143e-02,  1.3244e-02,  8.7060e-02,  1.8882e-02,  3.2129e-02,
         9.1431e-03,  2.4002e-03,  5.5249e-02,  1.4210e-03,  3.3989e-02,
         1.4056e-01, -6.0164e-04,  2.7087e-03, -5.8746e-02,  3.3394e-02,
        -2.1946e-02,  2.0834e-02,  3.0509e-02, -2.7330e-02,  3.3316e-02,
        -1.3445e-02,  7.9928e-03,  1.0526e-02, -3.1398e-02,  2.6857e-04,
         4.2384e-02,  3.8127e-02,  1.1773e-02,  5.5009e-02, -1.9119e-02,
        -3.9804e-02, -1.3670e-02,  5.9864e-03, -6.4311e-03, -1.0082e-02,
        -5.5828e-02, -2.3300e-02,  3.3017e-02,  2.4583e-02, -1.8967e-02,
        -6.5922e-03,  3.6499e-02,  2.3427e-02, -3.7009e-02,  2.2615e-02,
         3.5781e-02,  4.7226e-02,  3.8327e-02, -5.3337e-02, -2.2463e-02,
         6.0509e-02, -1.9097e-02,  2.5739e-02,  5.6160e-02, -2.2783e-02,
         5.3265e-02,  1.5965e-02, -2.6641e-02, -1.4222e-02,  1.8052e-02,
        -3.5397e-02,  3.5041e-02,  8.1586e-03,  5.1559e-02,  4.0864e-02,
        -5.9605e-02, -2.6699e-02, -9.1966e-03,  5.8503e-02,  3.2512e-03,
        -9.8283e-03, -3.2696e-02, -9.8934e-04, -3.4653e-02, -3.9523e-02,
        -2.8730e-02,  5.6834e-02, -2.6134e-02,  8.8019e-04,  9.1497e-04,
        -1.8442e-02,  3.0385e-02,  3.2696e-02, -9.0221e-03,  3.1701e-02,
        -1.6047e-02, -2.2227e-03, -3.0949e-02,  4.6447e-03,  3.0346e-02,
         8.1655e-02,  1.2819e-03, -3.6653e-02,  8.9731e-03, -8.6184e-03,
         2.9689e-02,  1.0525e-02, -4.0803e-02,  1.3718e-01,  9.1515e-03,
         1.3330e-02, -4.6871e-02,  1.5082e-02, -2.7910e-02, -4.5118e-02,
         1.2183e-03, -5.5284e-02,  2.4873e-03,  2.0979e-02,  4.1054e-03,
         4.7410e-03, -1.6771e-02, -6.2438e-04, -6.8565e-03,  5.2399e-03,
        -5.6710e-02, -1.0829e-02,  1.7383e-03, -2.2376e-02, -3.2551e-02,
         2.9917e-02,  1.7193e-02, -3.2707e-02, -3.5214e-02,  9.2936e-03,
         2.0940e-02,  3.7005e-03, -5.6471e-03,  1.8436e-02,  2.2104e-03,
         1.5666e-02, -8.4193e-03,  2.0207e-02, -1.1898e-02, -2.2099e-02,
        -4.8154e-02,  6.2540e-03,  4.0327e-03, -2.2044e-02, -1.8256e-02,
        -2.6036e-02, -1.8414e-02, -3.8362e-02, -3.4886e-02, -3.5939e-02,
         2.3232e-02,  1.8094e-02,  6.0766e-03, -6.2125e-04, -1.5011e-03,
        -5.2300e-03,  5.2116e-03,  2.1380e-02,  9.4891e-04,  1.4745e-02,
        -3.3037e-02,  3.6575e-02, -2.7724e-02, -2.5522e-02,  2.8667e-02,
         8.0857e-02,  6.8545e-02,  1.0769e-02, -3.5464e-02,  3.0569e-02,
        -9.4288e-03,  7.2903e-03,  8.7402e-03,  1.4976e-02, -1.0136e-02,
        -2.4293e-02, -4.7249e-02,  2.3932e-03,  4.2602e-02, -2.2058e-02,
        -3.6565e-02, -2.3875e-02, -1.0047e-02, -3.5306e-02, -2.2500e-02,
        -2.1272e-02,  8.8348e-03, -5.0345e-02,  2.0867e-03, -1.4404e-03,
        -2.9485e-02,  1.6074e-02, -4.6802e-02, -4.5899e-02,  2.1827e-02,
        -1.0562e-02,  2.3338e-03, -2.2751e-02, -8.8206e-03,  2.2246e-02,
        -1.3835e-02,  5.9952e-03, -9.9936e-03,  1.7236e-02, -1.9673e-02,
         1.3141e-02,  2.4392e-02,  4.4463e-02,  2.8215e-02,  3.2798e-02,
         2.0058e-02, -1.2375e-02, -2.4431e-02, -4.3312e-02, -7.1167e-02,
        -2.6919e-02, -8.0473e-03,  1.0200e-01,  3.9679e-02, -1.6256e-05,
        -3.3433e-02,  2.6453e-02,  1.8388e-02,  1.8489e-02,  4.0610e-02,
        -1.1049e-02])

conv_layers.19.running_mean: 
 tensor([-0.5491, -0.0769, -0.1892, -0.1596, -0.3692, -0.7283, -0.2063, -0.2382,
        -0.2982, -0.3168, -0.2386, -0.3297, -0.0579,  0.0343,  0.1070,  0.0057,
        -0.0732, -0.1919,  0.0085, -0.2041,  0.1571, -0.0481, -0.0520, -0.0771,
        -0.2519, -0.4196, -0.4196, -0.2053, -0.2492, -0.3257, -0.2874, -0.3445,
        -0.0724, -0.5046,  0.0544, -0.4131, -0.2263, -0.3995, -0.0638,  0.1802,
        -0.1156, -0.0531, -0.0349, -0.0754, -0.3056, -0.7317, -0.0620, -0.1861,
        -0.1381, -0.3936, -0.1218, -0.1344, -0.4658, -0.2351,  0.0953, -0.0157,
         0.1121, -0.1399, -0.0170, -0.1300, -0.1029, -0.3673, -0.3545, -0.1062,
        -0.3556, -0.2206, -0.2389, -0.0017, -0.4969,  0.1258, -0.3261, -0.2375,
        -0.3485, -0.1772, -0.1404, -0.2493,  0.0390, -0.0323, -0.1894, -0.0197,
        -0.0045, -0.0396, -0.3303, -0.2847, -0.4348, -0.2997,  0.0039, -0.0661,
        -0.0620, -0.4986, -0.6956,  0.2667,  0.0729, -0.3284, -0.0183, -0.5241,
         0.0660, -0.5527, -0.1547, -0.4333, -0.1530, -0.2398, -0.4455,  0.0200,
         0.0043,  0.0551, -0.1431, -0.2883, -0.0128, -0.2434, -0.0519, -0.3231,
        -0.2478, -0.1659,  0.1275, -0.0496, -0.3733,  0.1015, -0.0604, -0.2894,
        -0.1416, -0.2697, -0.3413, -0.2126, -0.0796,  0.0296, -0.0899, -0.1018,
        -0.0851, -0.0976, -0.0582, -0.1870, -0.0091, -0.8912, -0.1261, -0.2708,
        -0.2101, -0.6783, -0.0036, -0.3079, -0.0730,  0.0192,  0.1854,  0.2973,
         0.0156, -0.1138, -0.3010, -0.0619, -0.9540,  0.0106, -0.3673, -0.2499,
        -0.6095, -0.1653, -0.1881, -0.2375, -0.2018, -0.3119, -0.2975, -0.0392,
        -0.3510, -0.2837, -0.3178, -0.2994, -0.4608, -0.1439, -0.1745, -0.1545,
        -0.3877, -0.1964,  0.0758, -0.1404,  0.0021, -0.1710, -0.0796, -0.1673,
        -0.1614, -0.3964, -0.1821,  0.1313,  0.1512, -0.0869, -0.1587, -0.0778,
        -0.0798, -0.1377, -0.4644, -0.5895, -0.2728, -0.0667, -0.1463, -0.0064,
         0.1058, -0.1500, -0.0477, -0.4658, -0.3294, -0.1199, -0.1032, -0.1143,
        -0.1762, -0.1823, -0.3682, -0.1411, -0.5141, -0.1202, -0.1157, -0.4407,
        -0.1553, -0.1629, -0.0174, -0.4063,  0.0038, -0.0940, -0.0520, -0.3289,
        -0.3172, -0.0853, -0.3019, -0.3401, -0.0768, -0.0370,  0.0310, -0.0921,
        -0.4965, -0.0746, -0.0557, -0.1796, -0.0837, -0.1880, -0.1883, -0.2569,
        -0.2424, -0.0531, -0.2512, -0.1467,  0.1808, -0.4989,  0.0575, -0.4923,
        -0.0260, -0.0523, -0.2121, -0.0298, -0.1665, -0.3727, -0.5907, -0.8371,
        -0.0536, -0.0088, -0.0616, -0.1440, -0.2855, -0.1283,  0.1177, -0.1144])

conv_layers.19.running_var: 
 tensor([0.0664, 0.0701, 0.1062, 0.1743, 0.1524, 0.0564, 0.1146, 0.1241, 0.1574,
        0.1167, 0.0883, 0.1396, 0.0825, 0.0654, 0.0891, 0.0770, 0.0963, 0.0981,
        0.0896, 0.1170, 0.0935, 0.0991, 0.0680, 0.0565, 0.1065, 0.1031, 0.0687,
        0.1002, 0.0956, 0.0760, 0.0556, 0.1176, 0.1358, 0.2093, 0.1328, 0.1288,
        0.1041, 0.0477, 0.0763, 0.0662, 0.0973, 0.1062, 0.1217, 0.0996, 0.1121,
        0.0561, 0.0950, 0.0739, 0.1006, 0.1319, 0.0874, 0.0683, 0.0927, 0.0970,
        0.0731, 0.0704, 0.0950, 0.1432, 0.0979, 0.1278, 0.0715, 0.0801, 0.1171,
        0.0621, 0.1680, 0.1670, 0.0936, 0.0475, 0.0839, 0.0904, 0.0883, 0.0818,
        0.0548, 0.1077, 0.0987, 0.0733, 0.0874, 0.1035, 0.1261, 0.1112, 0.0958,
        0.0806, 0.1076, 0.0881, 0.1035, 0.0847, 0.1044, 0.0720, 0.0736, 0.0874,
        0.1316, 0.0842, 0.0878, 0.1051, 0.0620, 0.0819, 0.0807, 0.1996, 0.1137,
        0.1445, 0.1246, 0.1483, 0.0846, 0.0743, 0.0878, 0.0729, 0.1869, 0.1010,
        0.0943, 0.1021, 0.0972, 0.0725, 0.1048, 0.0830, 0.0766, 0.1055, 0.1125,
        0.0859, 0.0728, 0.1012, 0.0911, 0.0743, 0.0949, 0.1153, 0.0993, 0.0780,
        0.1291, 0.0806, 0.1008, 0.0959, 0.0887, 0.1207, 0.1043, 0.0757, 0.0774,
        0.1036, 0.1413, 0.1545, 0.1025, 0.1424, 0.1083, 0.0716, 0.0660, 0.0962,
        0.0746, 0.0664, 0.0878, 0.1228, 0.1493, 0.1252, 0.1845, 0.1968, 0.1300,
        0.1045, 0.0957, 0.0809, 0.0853, 0.1657, 0.0824, 0.0770, 0.1291, 0.0669,
        0.1152, 0.1091, 0.0934, 0.1053, 0.0840, 0.1118, 0.1153, 0.0909, 0.0946,
        0.0916, 0.1023, 0.0906, 0.0740, 0.1021, 0.0686, 0.2316, 0.1440, 0.1435,
        0.0857, 0.0697, 0.0925, 0.1199, 0.0753, 0.1035, 0.0838, 0.0882, 0.1059,
        0.1003, 0.1297, 0.1038, 0.1153, 0.1422, 0.0840, 0.0486, 0.0698, 0.0890,
        0.0960, 0.0890, 0.1101, 0.0782, 0.1278, 0.1080, 0.1561, 0.0997, 0.1175,
        0.1182, 0.0893, 0.1571, 0.1028, 0.0704, 0.0889, 0.0981, 0.0901, 0.1284,
        0.1104, 0.1268, 0.0925, 0.1078, 0.0770, 0.0612, 0.1490, 0.0632, 0.0752,
        0.0792, 0.0891, 0.0930, 0.1048, 0.1186, 0.0861, 0.0805, 0.1090, 0.1169,
        0.1058, 0.0959, 0.0796, 0.1030, 0.1221, 0.1245, 0.1088, 0.1197, 0.1232,
        0.1190, 0.0951, 0.0851, 0.0987, 0.0609, 0.0926, 0.0907, 0.0837, 0.0940,
        0.1123, 0.1254, 0.0746, 0.0743])

conv_layers.19.num_batches_tracked: 
 21601

se.se.1.weight: 
 tensor([[[[ 7.5527e-02]],

         [[ 1.9966e-02]],

         [[ 4.1682e-02]],

         ...,

         [[ 4.3688e-02]],

         [[ 3.2529e-03]],

         [[ 9.5915e-03]]],


        [[[ 7.4785e-02]],

         [[ 6.1006e-02]],

         [[ 5.6194e-02]],

         ...,

         [[ 5.7899e-02]],

         [[ 4.8503e-02]],

         [[ 6.1527e-02]]],


        [[[ 3.8900e-02]],

         [[ 3.7869e-02]],

         [[ 2.9133e-02]],

         ...,

         [[ 7.7580e-02]],

         [[ 5.9065e-02]],

         [[ 2.3128e-02]]],


        ...,


        [[[ 1.4639e-02]],

         [[ 1.1293e-02]],

         [[ 9.4927e-03]],

         ...,

         [[ 1.0552e-02]],

         [[ 6.7785e-03]],

         [[ 3.1987e-03]]],


        [[[-1.1311e-04]],

         [[-9.2584e-06]],

         [[-6.5439e-05]],

         ...,

         [[ 1.5389e-05]],

         [[-2.4349e-05]],

         [[-1.0858e-05]]],


        [[[ 1.2127e-01]],

         [[ 1.0182e-01]],

         [[ 8.4970e-02]],

         ...,

         [[ 7.2302e-02]],

         [[ 5.6861e-02]],

         [[ 8.8157e-02]]]])

se.se.1.bias: 
 tensor([ 1.0039e-01,  1.2641e-01,  1.1896e-01,  1.5972e-01,  9.4674e-02,
         1.5325e-01,  1.4572e-01,  1.4767e-01,  9.7490e-02, -1.3571e-13,
         1.3149e-01,  1.4109e-01,  1.6286e-01,  2.2696e-02, -8.9033e-05,
         2.3776e-01])

se.se.3.weight: 
 tensor([[[[-2.7549e-02]],

         [[-3.6579e-02]],

         [[-1.6780e-01]],

         ...,

         [[ 2.1933e-02]],

         [[-2.4103e-04]],

         [[-1.2540e-01]]],


        [[[ 1.1179e-02]],

         [[ 1.4734e-01]],

         [[ 6.1929e-02]],

         ...,

         [[ 1.2076e-02]],

         [[-2.1372e-06]],

         [[ 2.7716e-02]]],


        [[[ 2.7575e-02]],

         [[ 2.0144e-02]],

         [[ 7.3087e-02]],

         ...,

         [[ 7.5724e-03]],

         [[ 1.9631e-06]],

         [[ 1.0190e-01]]],


        ...,


        [[[ 1.2007e-01]],

         [[ 1.0475e-01]],

         [[ 3.1323e-02]],

         ...,

         [[ 2.4758e-03]],

         [[ 1.0840e-06]],

         [[ 9.9526e-02]]],


        [[[ 1.2111e-02]],

         [[ 8.6930e-02]],

         [[ 9.4701e-02]],

         ...,

         [[ 6.0701e-03]],

         [[-6.4532e-06]],

         [[ 6.8416e-02]]],


        [[[-8.3871e-04]],

         [[ 4.6853e-02]],

         [[ 6.3619e-02]],

         ...,

         [[ 8.6677e-03]],

         [[ 3.7183e-06]],

         [[ 1.6635e-01]]]])

se.se.3.bias: 
 tensor([ 1.7677e-01,  3.1551e-02,  1.3433e-02,  9.3565e-03,  2.3890e-02,
         8.9476e-02,  1.9127e-02,  1.2041e-02,  5.3322e-03,  1.2151e-02,
         2.3445e-02,  1.0676e-02,  2.4014e-02,  8.1895e-02,  4.7789e-03,
         7.4375e-03,  4.3327e-02,  1.5855e-02,  9.3572e-03,  1.7176e-02,
         5.2049e-03,  1.9746e-02, -2.9004e-02, -2.6447e-02,  4.9832e-02,
         5.7226e-02,  1.6734e-02,  1.1862e-02,  1.3470e-02,  9.6428e-02,
         6.2101e-02,  3.7190e-02,  8.6951e-03,  1.5062e-02,  6.8793e-03,
         1.6286e-02,  7.0303e-03,  1.7706e-01,  2.1068e-02,  2.7397e-02,
         3.1294e-03, -9.5834e-03,  3.9445e-02,  1.1048e-02,  3.9599e-02,
        -3.7407e-02,  1.5791e-02,  1.2174e-02,  1.2663e-02,  2.0142e-02,
         6.9797e-02,  1.7729e-01,  1.1767e-02,  4.9695e-05,  8.1437e-02,
         3.3285e-02,  1.4077e-02,  1.5148e-02,  1.1602e-03,  1.6967e-02,
         4.7922e-02,  2.0892e-02,  1.6771e-02,  3.7284e-02,  1.3274e-02,
        -4.2894e-02,  1.3905e-02, -7.1764e-02,  6.6504e-02,  1.0009e-02,
         9.4985e-03,  2.0595e-02, -1.0104e-01,  1.3082e-01,  9.1868e-03,
         6.3098e-03,  8.4901e-03,  1.3897e-02,  4.8400e-03,  1.8930e-02,
         1.1491e-02,  1.4976e-02,  1.5815e-02,  1.7853e-02,  8.6790e-02,
         5.7000e-02,  3.7990e-02,  2.2346e-02,  1.2884e-01,  1.5938e-02,
        -5.2443e-02,  2.0637e-01,  6.6537e-03,  5.6379e-03,  5.9407e-02,
         2.2083e-02,  3.2005e-02,  2.0478e-02,  6.0920e-04,  2.1821e-02,
         2.8802e-03,  5.9285e-03,  3.0686e-03,  1.4418e-02,  1.0658e-02,
         1.2610e-02,  5.7480e-03,  1.3673e-02,  4.8949e-02,  5.7388e-03,
         5.9802e-03,  1.4338e-02,  3.0295e-03,  1.7985e-02,  1.3348e-02,
         8.3966e-02,  1.5731e-01,  2.1655e-02,  9.9932e-03,  1.7468e-02,
         1.4313e-02,  8.3218e-03,  1.5236e-02,  1.4864e-02,  5.1887e-02,
         6.7563e-02,  1.1946e-02,  2.0285e-02,  2.9575e-02,  1.7928e-02,
         1.0827e-02,  2.1945e-02,  5.5240e-03,  7.0788e-02,  7.0197e-03,
         3.2506e-02,  1.1434e-02,  1.1619e-02,  4.7308e-02,  1.9424e-02,
         3.0993e-03,  1.3072e-02,  2.3206e-03,  6.3341e-03,  1.0808e-02,
        -1.0075e-01,  2.0959e-02,  4.6560e-03, -9.9354e-03, -2.9165e-02,
         6.7506e-03,  1.9956e-02,  1.3636e-02,  3.2416e-02, -8.4180e-03,
         1.0545e-02,  8.7394e-02,  1.0147e-02,  1.3010e-01,  2.2039e-02,
         2.1071e-02,  1.9286e-02, -8.6227e-02,  5.1515e-02,  6.6189e-03,
         4.7319e-02,  1.1305e-02,  1.5676e-02,  1.7831e-03,  5.0973e-03,
         2.3526e-02,  2.2254e-02,  2.9229e-03,  1.0152e-02, -6.9768e-02,
         1.2814e-02,  1.5139e-02,  9.3834e-03, -2.0538e-03, -5.2004e-04,
         2.2754e-02,  3.5682e-02,  1.5323e-02,  1.8183e-02,  1.3954e-02,
         1.7249e-02,  1.9487e-02,  3.8881e-03,  1.0355e-02,  5.3698e-03,
         7.8257e-02,  1.7616e-02,  1.3705e-02,  8.6540e-03,  1.3738e-02,
        -3.4510e-02,  2.2087e-02, -5.2389e-02,  2.3502e-02,  5.1365e-02,
         5.4110e-03,  1.9362e-02,  1.2221e-02,  4.0704e-02,  3.2783e-02,
         2.0167e-02,  4.7036e-02,  2.1709e-02,  3.4914e-02,  4.1412e-03,
         4.8664e-02,  1.2847e-02,  7.9217e-03,  1.2881e-02,  2.3369e-02,
         1.1407e-02,  1.5113e-01,  6.4763e-03,  3.9554e-02,  1.7488e-02,
         2.0764e-02, -4.4988e-02, -5.0809e-03,  8.3040e-03, -7.2193e-02,
         9.1300e-02,  2.4785e-03, -4.1885e-03, -7.5067e-04,  1.6682e-02,
         4.4105e-03,  1.2828e-02,  6.1408e-03,  7.0048e-03,  2.2789e-02,
         1.0409e-02,  1.6552e-02,  1.0669e-02,  1.3459e-02,  1.5024e-02,
         1.2276e-02,  1.1828e-02,  1.3411e-02,  8.7678e-03,  1.1791e-02,
         1.6538e-02,  6.2651e-03, -1.2316e-02,  1.4281e-02,  1.8645e-02,
         1.4083e-02,  1.2795e-02,  6.5982e-03,  1.3948e-02,  8.7078e-03,
         1.2354e-02])

fc_layers.0.weight: 
 tensor([[ 0.0293, -0.0229, -0.0153,  ..., -0.0060, -0.0155,  0.0292],
        [-0.0082,  0.0028,  0.0096,  ..., -0.0296,  0.0042, -0.0341],
        [ 0.0323, -0.0075,  0.0162,  ..., -0.0230,  0.0150, -0.0051],
        ...,
        [ 0.0307, -0.0049, -0.0095,  ..., -0.0333,  0.0281,  0.0224],
        [ 0.0365,  0.0168,  0.0044,  ..., -0.0299,  0.0057,  0.0079],
        [ 0.0236,  0.0152, -0.0076,  ...,  0.0041,  0.0110,  0.0058]])

fc_layers.0.bias: 
 tensor([ 2.0261e-02,  2.2869e-02, -8.7108e-03, -7.6880e-03, -1.1098e-03,
         2.5170e-02,  1.9859e-03,  3.3302e-02,  4.2105e-02,  4.3718e-02,
        -6.0436e-03, -7.0186e-04,  3.3853e-02,  9.6498e-03, -6.2837e-03,
         3.9076e-02, -4.4450e-03,  4.7995e-03,  2.9683e-02,  1.4886e-02,
         1.0245e-02, -1.5131e-02,  3.2699e-02,  2.6761e-02,  2.7092e-02,
         2.3134e-02, -1.0118e-02,  1.9337e-02,  1.5784e-02, -3.0872e-03,
         3.9109e-02, -7.6713e-03,  2.4337e-02,  1.2710e-03, -1.8836e-03,
         2.3950e-02,  1.9091e-02,  3.4848e-02, -2.0471e-02,  4.3760e-02,
        -1.9721e-02,  1.4878e-02,  2.5173e-02, -6.3318e-03,  5.6895e-02,
        -1.0554e-03, -3.2434e-02, -1.2188e-02, -1.5632e-02, -1.1584e-03,
         3.1660e-03, -9.8124e-03, -5.5729e-03, -1.2561e-02, -2.2130e-02,
        -1.9277e-02, -1.9872e-02, -1.0536e-02,  9.9198e-03, -3.3758e-02,
         1.6508e-02,  4.2819e-02, -3.1878e-02,  6.1406e-03,  2.9231e-03,
        -1.1454e-02,  4.9592e-03,  2.0015e-02,  9.4316e-03, -1.7711e-02,
         3.0471e-03,  5.2179e-02, -1.0893e-04,  1.9291e-02,  4.3278e-03,
        -1.1791e-02,  1.9471e-02,  2.8700e-02, -4.2675e-02, -3.7931e-02,
         2.4463e-02, -9.6242e-04, -2.0104e-02,  2.5929e-02,  8.9526e-03,
        -2.5059e-03,  1.6470e-03, -6.9024e-03,  1.2502e-02,  1.5794e-02,
         2.9217e-02, -4.9742e-02, -2.4404e-02,  2.1952e-02,  2.4443e-02,
        -1.5518e-02, -7.1275e-03, -2.7937e-04, -1.0604e-02, -7.1112e-03,
        -1.1494e-02, -1.1428e-02,  2.0124e-03, -5.9881e-03, -1.9172e-02,
        -4.2303e-03,  2.4747e-02,  1.7208e-02,  9.0237e-05, -1.8445e-03,
         1.1346e-02,  4.6205e-02, -3.4245e-03,  1.0135e-02,  3.9502e-02,
         7.8398e-04, -6.2162e-03,  1.7848e-02,  4.4761e-04,  2.7987e-02,
        -1.4013e-03,  8.9150e-03,  3.5254e-02, -1.9400e-03,  1.6929e-02,
         1.0859e-02,  2.8899e-02, -1.8044e-02, -9.2815e-03,  2.9249e-02,
        -7.1650e-03, -1.7699e-03, -5.6328e-03,  1.9200e-02, -1.0519e-02,
         2.2644e-03, -1.6960e-03,  1.4944e-02, -4.2315e-03, -2.2237e-02,
         3.7681e-02,  2.7372e-02, -2.2433e-02,  1.4882e-02, -1.2336e-02,
         2.6524e-02,  7.3283e-03, -2.0497e-02, -4.5730e-03,  9.9399e-04,
         1.5023e-02,  2.1907e-02,  9.9897e-03, -1.3774e-02,  2.6565e-02,
         3.0454e-02,  2.8338e-02,  1.4919e-02,  3.7027e-02,  9.8365e-03,
         1.7972e-02, -1.1908e-02,  3.0803e-03,  8.9210e-03, -5.0220e-03,
         1.7702e-02, -1.7060e-02,  2.8767e-02,  3.2278e-02, -1.3012e-02,
        -1.3845e-02,  2.9128e-02, -4.2104e-03,  2.7721e-02,  4.0752e-02,
        -1.8152e-03, -7.5826e-03,  3.0962e-02, -1.5906e-02, -1.3159e-02,
         2.8447e-02,  1.5523e-02,  2.2759e-02,  1.1755e-02, -2.7483e-02,
         2.1650e-02,  1.5868e-02, -5.8600e-03, -2.5223e-02, -1.0511e-03,
        -2.2629e-02, -2.4949e-02,  2.3059e-02, -4.0364e-02,  4.2269e-02,
         2.7975e-02, -1.3648e-02,  3.3918e-02, -2.7409e-03,  1.6195e-02,
         2.9152e-02, -1.0911e-02,  2.2986e-02,  1.4520e-02,  4.6483e-03,
         1.0057e-02,  2.3958e-02, -5.7439e-03,  2.4556e-02,  3.6214e-03,
        -1.4145e-02,  3.5036e-03,  1.3235e-03,  3.1158e-02,  2.7811e-02,
         2.9784e-02,  2.4257e-02,  1.0242e-02, -5.4437e-03,  1.5041e-03,
         3.7419e-02, -2.2727e-03,  8.8039e-03, -1.3265e-02, -4.9699e-04,
         3.0041e-02,  2.2203e-02,  9.7253e-03,  1.6517e-02,  1.8750e-02,
         2.4131e-02,  2.8848e-02,  3.1965e-02,  1.4661e-02,  1.7415e-02,
        -1.0777e-02,  5.2699e-03,  4.9125e-02,  1.7659e-02, -2.4608e-04,
        -1.7906e-02, -6.9982e-03,  2.9752e-02,  3.6765e-02, -1.2855e-02,
         1.8026e-02,  2.0600e-02, -1.8065e-03, -3.0414e-02,  4.2675e-02,
         1.6073e-02,  2.3088e-02,  9.6123e-04,  3.0165e-02,  1.2687e-02,
        -5.8972e-03])

fc_layers.3.weight: 
 tensor([[ 0.0030,  0.0472, -0.0429,  ...,  0.0658, -0.0225, -0.0082],
        [-0.0682,  0.0370,  0.0369,  ...,  0.0107, -0.0022,  0.0549],
        [-0.0017,  0.0137, -0.0497,  ..., -0.0710,  0.0288,  0.0251],
        ...,
        [-0.0479, -0.0110, -0.0416,  ..., -0.0533,  0.0170, -0.0207],
        [ 0.0251, -0.0136,  0.0315,  ...,  0.0032, -0.0393, -0.0324],
        [-0.1245, -0.0432, -0.0826,  ..., -0.0540, -0.0898,  0.0485]])

fc_layers.3.bias: 
 tensor([ 0.0123,  0.0959,  0.0530,  0.0248,  0.0610,  0.0757, -0.0072,  0.0145,
         0.0036,  0.0209,  0.0821, -0.0373, -0.0184,  0.0849, -0.0454,  0.1038,
         0.0987, -0.0357,  0.0574,  0.0313,  0.1140,  0.0693,  0.0345,  0.0453,
         0.1122,  0.0554, -0.0330, -0.0349,  0.0661,  0.0145,  0.0856, -0.0342,
         0.0779,  0.0739, -0.0149,  0.0462,  0.0051,  0.0406,  0.0629, -0.0298,
        -0.0038,  0.0397,  0.0613,  0.0085,  0.1075, -0.0457,  0.0185,  0.0711,
         0.0941, -0.0310,  0.0536, -0.0225, -0.0609,  0.0017,  0.0202,  0.0881,
         0.0073,  0.0528,  0.0591,  0.0266,  0.0420,  0.0523, -0.0288,  0.0459,
         0.0907,  0.0123,  0.0213,  0.0546,  0.0932,  0.1102,  0.0556,  0.0129,
         0.1063, -0.0209,  0.0842,  0.0227,  0.0589,  0.0250,  0.0791,  0.0080,
        -0.0102,  0.0205,  0.0583,  0.0118, -0.0239,  0.0166, -0.0300,  0.0275,
         0.0129, -0.0143,  0.0113,  0.0615,  0.0915, -0.0113, -0.0127,  0.0166,
         0.0298,  0.0100, -0.0006,  0.0525,  0.0845, -0.0274,  0.0036,  0.0106,
         0.0789,  0.0644,  0.0275,  0.0247,  0.0736,  0.0672,  0.1192,  0.0089,
         0.0567,  0.0375,  0.0093,  0.0258,  0.0642,  0.0088,  0.0288, -0.0061,
         0.0650,  0.0197,  0.0436,  0.0581,  0.0568,  0.0390,  0.0236,  0.0337])

fc_layers.6.weight: 
 tensor([[ 0.0753,  0.0104,  0.0409,  ..., -0.1161, -0.0053,  0.0006],
        [ 0.0918, -0.1241, -0.0388,  ...,  0.0567,  0.0638,  0.0442],
        [ 0.0265,  0.0163, -0.0281,  ...,  0.0925, -0.0258, -0.0526],
        ...,
        [-0.0138,  0.0694, -0.0285,  ..., -0.0321, -0.0613, -0.0496],
        [ 0.0719, -0.0369, -0.0432,  ...,  0.0104,  0.0268,  0.0469],
        [-0.0111,  0.0731, -0.0176,  ...,  0.1121,  0.0376, -0.1749]])

fc_layers.6.bias: 
 tensor([ 0.1308, -0.0161,  0.1362,  0.0673,  0.0100,  0.0305,  0.0703,  0.0430,
         0.0771,  0.1291,  0.0943,  0.1425,  0.0332,  0.0361,  0.0062, -0.0147,
         0.0845,  0.0645, -0.0024,  0.0726,  0.0491,  0.0138,  0.1164,  0.0585,
         0.0351,  0.1059,  0.0944,  0.0442,  0.1214,  0.1152,  0.0488,  0.1018,
         0.0749,  0.0455,  0.1065, -0.0016,  0.0588,  0.1228,  0.0241,  0.0066,
         0.0347,  0.0444, -0.0066,  0.1663,  0.0366,  0.0864,  0.1192,  0.0688,
         0.1035,  0.0674,  0.0573,  0.1620,  0.0370,  0.1275, -0.0011,  0.1411,
         0.0848,  0.1360,  0.0667,  0.1026,  0.0760,  0.0871,  0.1008,  0.0404])

fc_layers.9.weight: 
 tensor([[ 6.1772e-02, -2.1646e-01,  8.6620e-02,  7.6970e-02, -1.3906e-01,
          1.3599e-02, -4.5153e-02, -2.1821e-01,  7.6576e-02, -2.0144e-01,
         -3.9982e-02,  9.7261e-02, -1.1182e-01, -1.1794e-01,  7.7675e-02,
          2.7422e-02, -1.0927e-01,  5.0144e-02,  1.0643e-01, -1.0864e-01,
          2.0473e-02, -1.0358e-01, -5.8298e-02,  7.6003e-02,  4.4614e-02,
          6.1397e-02, -2.0173e-01,  7.7006e-02, -4.0127e-03,  5.3702e-02,
         -8.6883e-02,  1.1382e-01, -1.3646e-01,  6.1202e-02,  3.0188e-02,
         -1.7948e-01, -2.1081e-01,  2.9139e-02,  5.6477e-02, -8.5927e-02,
          9.9286e-02,  9.3877e-02,  9.9674e-03,  5.4431e-02,  3.4437e-02,
          2.1484e-02,  4.1490e-02,  2.4741e-02, -9.8720e-02, -7.6078e-02,
          5.9496e-02, -9.5299e-03, -1.2401e-01,  7.8851e-02, -1.8379e-01,
         -1.0648e-01, -5.0167e-02, -3.1619e-02, -5.1059e-02,  4.9389e-02,
          1.0391e-01,  8.8017e-02,  5.1158e-02, -6.4207e-02],
        [-2.8712e-02, -3.7708e-02,  4.7074e-02,  3.0911e-02,  1.9670e-02,
         -8.5163e-02, -8.0497e-02,  5.1978e-02, -1.7987e-01,  7.7555e-02,
          8.0005e-03, -5.4877e-02,  5.7331e-02,  7.5187e-02, -1.5059e-01,
          1.6106e-02,  5.2392e-02, -2.2186e-02, -1.7093e-01,  9.2218e-02,
         -9.6999e-03, -5.9524e-02,  1.3861e-01,  6.9724e-02, -1.3185e-01,
         -1.3834e-01,  1.1532e-01,  5.3889e-02,  8.0962e-02,  3.6971e-02,
          5.4503e-02, -2.1035e-01,  5.2698e-02,  5.7704e-02, -7.7273e-02,
          1.1122e-01,  7.7501e-02, -1.3844e-01,  7.9348e-02, -1.1048e-01,
         -5.7763e-02, -1.2834e-01,  1.8892e-02,  5.7083e-02,  4.0737e-02,
          8.9777e-02, -6.9304e-02, -1.5502e-01,  8.5007e-02,  1.2583e-01,
         -8.9193e-02,  7.7016e-02,  4.2522e-02, -1.6616e-01, -5.5949e-02,
          9.5973e-03,  7.8803e-02,  3.5750e-02,  1.4374e-02,  6.8856e-02,
         -6.9120e-02,  9.4674e-02, -1.8043e-01,  8.1647e-02],
        [ 3.4107e-03, -3.3476e-02, -1.3913e-01, -2.4225e-02,  1.6719e-02,
         -1.7608e-01,  5.6048e-02,  5.6646e-02, -7.1038e-02, -1.1450e-01,
         -1.0667e-01,  1.0177e-01, -1.9192e-01,  7.4162e-02,  5.8760e-02,
          6.8794e-03,  5.5393e-02, -1.6445e-01, -5.7689e-02,  8.4738e-02,
          4.1726e-02, -4.4638e-02, -1.6600e-01,  9.4567e-02, -1.9862e-02,
         -7.0178e-02,  1.1276e-02,  9.1854e-02, -1.4583e-01, -2.1127e-01,
         -1.1516e-01,  7.7748e-02,  5.3615e-02,  6.1838e-02,  7.1405e-02,
          4.3751e-02, -1.5938e-01, -2.0777e-01,  9.9345e-02,  5.8215e-02,
         -3.8155e-02, -8.9518e-02,  3.3368e-02,  6.0486e-02,  7.0908e-02,
         -2.2213e-01, -1.2029e-01,  6.2019e-02, -7.7511e-02,  1.3569e-02,
         -1.3193e-01,  7.4079e-02,  1.7539e-02,  7.5426e-02,  7.0478e-03,
         -9.4373e-02,  4.8803e-02,  4.3950e-02,  3.8128e-02,  6.1785e-02,
         -4.8144e-02,  1.1235e-01,  1.2897e-02,  8.3752e-02],
        [ 7.0018e-02,  6.8065e-02, -1.5444e-01, -1.8912e-01,  4.9362e-03,
         -2.7457e-01, -1.6003e-01,  6.3866e-02, -9.6325e-02, -1.8196e-01,
         -9.9047e-02,  9.3276e-02, -1.3321e-01, -1.2427e-01, -9.1227e-02,
         -1.2208e-01, -1.4069e-01,  2.4812e-02, -4.5800e-02,  7.7468e-02,
          2.1867e-02,  7.9977e-02,  4.9962e-02,  8.1028e-02,  4.5395e-02,
         -7.6001e-02, -6.6218e-02,  8.3046e-02, -1.0465e-01, -1.3740e-01,
          9.0454e-02,  1.1738e-01, -2.0494e-01,  7.9035e-02, -5.9514e-02,
          1.2191e-01, -1.6291e-03,  7.4143e-02,  9.4528e-02,  8.6095e-02,
         -1.4426e-01, -1.5984e-01, -4.5130e-02,  7.5084e-02,  6.1397e-02,
         -2.3461e-02, -2.2739e-01,  4.9541e-02, -6.4931e-02,  9.0446e-02,
          7.0914e-02, -2.0380e-01, -2.4772e-01,  5.0061e-02,  1.7679e-02,
          1.1835e-01,  3.3672e-02,  5.6349e-03, -8.3867e-02, -1.3744e-01,
          1.4698e-03,  8.4413e-02, -4.8609e-02, -5.8701e-02],
        [ 4.4153e-02, -2.0060e-01,  7.4786e-02,  8.2064e-02,  6.1211e-02,
          6.4671e-02,  6.7315e-02, -2.2021e-01,  6.8559e-02,  6.4538e-02,
         -4.0828e-02,  6.4421e-02,  9.3035e-02,  4.1140e-02, -1.1786e-01,
          5.8402e-02,  2.9364e-02, -5.6352e-03,  9.4952e-02, -2.0080e-01,
         -1.1291e-01, -1.7778e-01, -4.3799e-02, -1.3659e-01,  3.6711e-02,
         -3.6161e-02, -7.2335e-02, -9.0904e-02,  1.1483e-01,  8.8064e-02,
         -1.2173e-01, -6.5448e-02,  6.7572e-02, -1.6973e-01,  4.8937e-02,
         -2.0143e-01,  5.5818e-02, -1.2048e-01, -7.4721e-02, -1.1102e-01,
          4.6037e-02,  8.4777e-02, -1.5140e-01, -1.4996e-01, -1.5815e-01,
         -2.7918e-02,  6.5554e-02, -2.0043e-01,  7.7288e-02,  1.0807e-01,
         -6.8003e-02,  6.6003e-02,  5.0058e-02,  1.5873e-02,  1.8387e-02,
         -9.1551e-02,  2.6486e-02, -3.9493e-02, -1.3849e-01,  4.3095e-02,
          8.7436e-02,  7.0436e-02, -2.0641e-04,  5.0228e-02],
        [-6.8809e-02,  8.9493e-02,  7.4437e-02, -1.2020e-01, -1.5946e-01,
         -1.7375e-01, -3.7274e-02,  4.8116e-02, -1.2909e-01, -1.3276e-01,
          3.2330e-02, -1.7771e-01, -9.3444e-02, -1.8487e-01,  1.1099e-01,
         -2.4010e-01, -2.5388e-01,  5.4255e-02,  1.4794e-02, -1.2507e-01,
         -7.1935e-03,  8.8034e-02,  1.4496e-01, -2.0590e-01,  5.7540e-02,
          9.7123e-02,  9.8605e-02, -2.7267e-02, -1.1194e-01,  8.9002e-02,
          8.5315e-02,  1.0965e-01, -2.4628e-01,  8.6831e-02, -2.2865e-01,
          1.1693e-01,  6.6492e-02,  1.0103e-01, -1.4217e-01,  6.3100e-02,
          1.6112e-03, -9.5937e-02,  6.1794e-02,  5.6299e-02, -1.1527e-01,
          8.5646e-02, -2.1283e-01, -1.0567e-01,  6.0371e-02, -5.0857e-02,
          7.9991e-02, -2.3168e-01, -2.3498e-01, -2.1064e-01,  5.1063e-03,
          1.2577e-01, -2.1259e-01, -1.1711e-01, -1.0611e-01,  2.7945e-02,
         -7.3441e-02, -2.5049e-01,  6.5385e-02, -2.9678e-01],
        [-1.4766e-01, -1.9919e-01,  9.7794e-02, -3.4751e-02, -2.9017e-01,
          3.7611e-02, -1.7763e-01, -2.3582e-01, -8.5735e-02,  8.1999e-02,
          7.3641e-02, -1.2679e-01, -7.4425e-02,  4.1304e-02,  9.6769e-02,
         -1.5672e-02, -2.5377e-01,  5.0978e-02,  3.0033e-02, -1.7569e-01,
         -9.0159e-02,  7.5980e-02,  1.2597e-01, -2.5097e-01,  5.4694e-02,
          7.6522e-02,  1.1541e-01, -1.4908e-01, -2.2117e-01,  9.2814e-02,
          6.9201e-02,  7.6723e-02, -1.1558e-01,  9.4328e-02, -1.7338e-01,
          9.2747e-02,  8.0620e-02,  8.3316e-02, -2.7552e-01,  5.2807e-02,
          4.6416e-02,  4.7775e-02,  2.0961e-02, -3.7668e-02, -2.5354e-01,
          1.0230e-01, -1.0330e-01, -1.5952e-02,  7.7018e-02,  4.9621e-02,
          7.2479e-02,  4.7922e-02,  1.9103e-02, -1.4898e-01, -2.0941e-01,
         -1.9265e-01, -1.3684e-01, -1.3689e-02, -2.4146e-01,  5.7234e-02,
          6.6997e-02,  3.1889e-02,  3.3947e-02, -1.1916e-01],
        [ 8.2623e-02,  8.9142e-02, -2.6269e-01, -3.4035e-02,  6.1725e-02,
          5.6006e-02, -1.0399e-01,  4.6540e-02, -1.2610e-01,  3.9439e-03,
         -1.7624e-01,  1.0716e-01,  5.3250e-02, -1.3199e-01, -2.1114e-01,
          6.4183e-02,  2.1777e-02, -2.4830e-01,  3.6198e-02,  9.3105e-02,
         -2.5789e-01, -2.4665e-01, -1.1376e-01,  9.2017e-02, -2.2842e-01,
         -4.8259e-02, -6.8821e-02, -4.3708e-02,  1.0452e-01, -1.8974e-01,
          4.7972e-02,  8.2100e-02, -1.0707e-01, -1.5804e-01,  1.9053e-02,
         -4.9454e-02, -1.7723e-01, -7.3041e-02,  1.1508e-01, -1.9335e-01,
         -2.4473e-01,  7.7282e-02,  9.1500e-02,  6.3974e-02,  9.0118e-02,
         -2.6226e-01, -3.6430e-03, -1.2307e-01, -9.9724e-02,  1.3082e-01,
         -2.5057e-01, -1.8094e-01, -8.4053e-02,  9.7480e-02,  1.0373e-02,
          1.1756e-01,  2.6080e-02, -8.7091e-02,  1.0590e-01, -2.2206e-01,
          8.2186e-02, -1.1595e-01, -1.0016e-02, -8.5245e-02],
        [-6.5469e-02, -3.9370e-02,  9.0154e-02, -1.6384e-01, -1.1259e-02,
         -6.9861e-02, -1.1313e-01,  2.5986e-02, -1.2990e-01, -8.4643e-02,
         -7.3177e-02,  9.1438e-02, -7.6039e-02,  4.3500e-02,  1.5991e-02,
         -1.5770e-01,  8.7065e-03,  4.8634e-02, -1.5043e-02, -1.0658e-01,
          3.6457e-02,  6.9664e-02, -4.5084e-02,  7.9807e-02,  5.5716e-02,
         -4.7220e-02, -2.5940e-02,  7.2796e-02, -2.0279e-03,  7.5354e-02,
          8.7713e-02,  1.1168e-01, -1.5736e-01,  8.9184e-02, -1.7697e-01,
         -4.9800e-02, -2.6599e-02, -1.1433e-01,  8.4019e-02,  7.6219e-02,
          7.7712e-02, -1.8561e-02, -1.9363e-01,  7.0116e-02, -2.1082e-01,
          8.3123e-02,  3.4293e-02,  6.4282e-02,  8.5562e-02, -8.5776e-03,
          6.5632e-02, -4.4948e-02,  2.4541e-02,  7.5460e-02, -2.5556e-01,
         -9.6567e-02, -6.6147e-02, -2.3455e-01, -2.2706e-01, -9.6345e-02,
          9.6731e-02,  7.7665e-02, -2.1049e-01,  6.6817e-02],
        [ 5.6092e-02,  3.8991e-02,  7.8834e-02,  5.6028e-02,  5.2721e-02,
          6.2352e-02,  6.4670e-02,  3.9261e-02, -5.4269e-02, -8.4534e-03,
         -1.1404e-01,  8.5941e-02,  9.3568e-02, -1.9526e-01, -1.6588e-01,
         -1.0595e-01,  3.4641e-02,  4.7154e-02, -5.2543e-02, -2.7134e-02,
         -2.0587e-01,  4.8189e-02,  1.1101e-01,  1.2363e-03,  5.3691e-02,
         -2.8270e-01, -7.6107e-02, -1.4644e-01,  1.0730e-01,  8.2210e-02,
          1.0032e-01,  1.1096e-01, -1.0284e-01, -8.7452e-02, -2.3631e-01,
          7.7634e-02, -1.0079e-01, -1.9258e-02,  6.1175e-02, -2.1583e-01,
         -9.9618e-02,  8.3470e-02, -1.9074e-01,  5.8341e-02, -6.1701e-02,
         -1.1145e-01,  6.5922e-02, -1.1250e-01,  7.9576e-02,  1.0840e-01,
          6.6133e-02, -5.3266e-02,  3.8949e-02,  5.4302e-02, -7.6335e-02,
          7.4452e-02,  7.0639e-02, -3.2738e-01, -5.2144e-02, -2.8679e-01,
          9.7938e-02, -2.0116e-01, -2.6429e-01,  7.5180e-02],
        [ 2.0696e-02, -6.6440e-02, -2.0547e-02,  8.5346e-02,  3.0340e-02,
          7.9538e-02,  5.1584e-02, -1.1631e-01,  7.5397e-02,  7.9911e-02,
          8.3884e-02, -2.6688e-01,  8.5853e-02,  7.1646e-02, -1.8177e-01,
          7.3460e-02, -1.6294e-01, -3.5969e-01,  9.0762e-02, -1.3351e-01,
         -1.2726e-01, -1.9923e-01, -1.2300e-01, -1.1419e-01, -2.7416e-01,
          5.9604e-02,  3.1718e-02, -2.8548e-01,  1.0853e-01,  7.1389e-02,
         -2.4394e-01, -2.2006e-01,  9.0405e-02, -2.5332e-01,  5.0524e-02,
          3.3294e-02,  8.5957e-02,  6.3762e-02, -2.2642e-01, -1.8028e-01,
         -2.2895e-01,  7.4820e-02,  5.7201e-02, -2.5303e-01,  6.7974e-02,
         -2.7300e-02, -4.6598e-02, -1.8708e-01,  7.5224e-02,  6.5759e-02,
         -1.6322e-01,  6.9054e-02,  3.6031e-02, -2.4016e-01,  5.3242e-02,
         -9.4383e-02,  4.8830e-02,  5.9024e-02,  8.1017e-03,  6.8390e-02,
         -1.7974e-01, -1.2497e-01,  8.3450e-02, -2.3928e-01],
        [-1.9099e-01,  1.3459e-02, -2.4319e-01,  3.8606e-02, -1.2528e-01,
          6.6966e-02, -2.0113e-01,  4.7732e-02,  9.0009e-02, -1.8662e-01,
          1.3420e-02, -2.5079e-01, -1.7810e-01,  5.3335e-02, -7.1283e-02,
          7.6626e-02, -2.9753e-01, -2.9237e-01,  9.1439e-02,  4.4284e-02,
          8.5579e-02, -1.6124e-01,  9.2097e-02,  7.9734e-02, -2.7523e-01,
          9.0035e-02,  1.2305e-01, -1.5877e-01, -2.0947e-01, -1.9998e-01,
         -2.7915e-01, -1.9537e-01,  8.0246e-02, -1.3231e-01,  7.7695e-02,
          1.1357e-01, -2.0262e-01,  9.4487e-02, -1.8005e-01,  1.1183e-01,
         -1.7885e-01, -1.2260e-01,  1.0499e-01, -3.2098e-01,  1.0670e-01,
         -2.3144e-01, -2.4303e-01, -1.7375e-01, -3.0758e-01, -3.2976e-01,
         -1.0479e-01, -2.0788e-01, -2.7367e-01, -6.2998e-02,  7.0163e-02,
         -1.4018e-01,  1.0020e-01,  7.0050e-02,  4.9595e-02,  9.0316e-02,
          4.7595e-03, -3.8452e-02,  1.0480e-01, -2.9074e-01],
        [-2.3656e-01, -1.1189e-01, -3.4100e-02, -9.9401e-02, -2.6592e-01,
          7.2115e-02, -5.8807e-02, -1.0692e-01, -5.9102e-02,  8.5272e-02,
          1.6670e-01, -4.4275e-02, -1.8180e-01,  9.1614e-02,  8.0576e-02,
          7.5490e-02,  6.8883e-02, -1.3989e-01,  1.7531e-02, -1.5127e-01,
         -6.0852e-02,  1.6822e-03, -3.2471e-02,  5.5077e-02,  6.8728e-03,
          7.2264e-02, -9.0680e-02,  6.7387e-02, -5.1949e-03, -1.1941e-01,
         -3.0398e-01, -2.0464e-01,  5.5394e-03,  2.3453e-02,  8.5741e-02,
         -7.5330e-02,  7.0566e-02, -1.5562e-02, -2.3149e-01, -1.7592e-01,
          5.0844e-02, -1.0065e-01,  9.8736e-02, -1.2340e-01,  1.2611e-02,
         -1.6692e-01,  2.3797e-02,  3.6360e-02,  6.5979e-02, -1.8545e-01,
         -2.8133e-01,  1.0018e-01,  3.9996e-02, -1.1373e-01, -9.2968e-02,
         -1.3544e-01, -1.6503e-01,  6.1377e-02,  3.7097e-02,  7.4873e-02,
         -1.6516e-01,  1.2658e-01,  6.3936e-02,  4.7121e-02]])

fc_layers.9.bias: 
 tensor([-0.0213,  0.0266, -0.1214,  0.0851, -0.1432,  0.0896, -0.0631,  0.0590,
         0.1212, -0.1183, -0.0290, -0.1930,  0.0296])
         